500
5
37	41	89	99	55
1	5	63	58	96
35	39	22	44	36
78	8	88	43	74
18	28	46	43	71
86	50	25	70	75
55	8	95	73	87
7	62	65	22	27
22	96	56	1	61
11	73	3	26	15
88	4	35	25	93
84	8	55	42	22
75	20	71	50	86
61	55	82	22	44
67	97	56	64	35
50	60	43	45	47
53	50	73	66	58
84	79	45	33	58
78	31	68	75	50
87	53	96	9	72
40	16	69	30	1
79	80	31	25	3
51	95	27	66	14
61	80	89	67	7
75	66	96	94	40
25	21	78	95	75
46	1	33	89	36
38	39	6	87	45
57	60	44	91	86
31	33	38	98	49
1	11	55	7	32
87	92	5	3	56
20	13	34	99	57
6	40	45	34	88
59	70	75	87	31
74	82	33	63	38
99	4	57	1	68
21	11	28	38	30
60	26	96	91	25
80	34	72	72	60
17	33	57	96	5
33	73	81	66	68
73	98	2	74	60
7	21	26	93	81
10	29	71	52	5
8	56	33	77	69
64	29	15	96	10
39	45	14	52	51
58	16	9	23	97
53	31	5	89	6
56	21	33	91	52
72	10	28	27	4
84	55	95	46	73
58	88	23	48	8
61	87	28	48	77
4	15	20	44	75
70	86	30	86	60
75	49	76	71	43
98	8	95	19	44
11	53	33	84	77
41	74	49	69	77
78	15	67	58	40
11	59	51	98	12
25	62	45	80	43
80	39	58	17	58
39	49	68	26	26
34	99	50	8	90
90	61	60	84	63
79	10	60	88	52
10	28	93	44	72
34	40	43	5	23
43	49	38	35	1
69	48	49	80	94
72	75	8	6	51
53	42	3	87	55
10	85	16	52	11
3	12	61	43	97
87	24	46	77	13
17	46	64	96	76
92	6	54	78	18
68	90	68	21	7
50	22	52	15	93
11	31	99	47	69
27	84	71	8	76
57	73	41	68	64
25	62	7	7	70
78	63	21	44	61
94	48	8	89	51
20	14	30	51	12
5	20	57	52	32
44	21	21	71	6
69	85	8	37	35
45	49	40	4	73
98	98	47	40	89
70	32	92	8	42
43	66	69	82	4
52	64	86	90	25
39	77	99	38	75
20	22	22	76	4
88	45	6	20	19
1	86	5	4	15
61	22	33	76	22
33	33	65	19	77
56	88	29	95	73
59	93	71	55	47
61	40	4	98	77
57	92	71	7	79
41	52	3	51	80
38	67	93	51	71
64	51	91	50	78
26	43	42	56	36
26	11	86	71	1
98	71	27	81	11
53	60	72	55	84
16	81	84	46	73
41	24	92	67	42
31	58	14	82	16
6	86	48	47	26
11	50	76	27	51
30	97	12	57	29
91	23	63	49	56
94	92	43	22	21
86	73	66	31	81
61	88	61	32	35
10	65	30	61	96
21	48	84	68	59
32	21	14	18	32
88	78	81	94	86
95	76	42	10	47
81	20	66	26	69
25	96	1	86	25
23	47	58	67	51
41	35	73	15	8
13	75	17	60	82
14	88	41	57	60
12	25	84	8	57
4	52	92	74	84
66	8	44	37	21
34	65	39	63	67
29	52	96	78	49
89	96	60	4	97
9	86	97	67	6
43	72	61	68	99
8	39	29	12	36
45	29	31	3	98
9	86	73	27	56
27	71	93	17	67
73	30	21	94	83
72	71	80	40	35
46	27	44	35	13
20	60	71	12	5
45	63	12	33	44
14	5	53	78	71
7	30	89	61	93
77	61	79	8	70
76	18	49	8	84
30	27	83	32	79
21	85	28	89	15
19	96	59	40	47
49	32	67	56	93
14	34	84	30	84
19	10	36	23	16
2	69	36	53	8
13	99	16	47	15
83	72	20	63	11
96	29	2	38	81
25	17	31	64	83
38	97	91	23	31
86	46	77	3	61
74	36	64	5	17
11	79	9	98	56
98	48	44	93	28
32	73	29	42	44
77	66	25	69	17
37	75	64	77	1
17	65	94	36	77
97	38	19	64	13
94	67	62	54	92
98	86	79	7	41
30	79	35	14	28
66	15	68	21	19
45	49	4	86	64
93	72	69	67	30
42	67	16	25	10
1	70	35	2	50
41	19	59	39	81
43	54	15	16	79
74	36	50	57	16
63	32	65	56	26
67	82	49	18	7
26	90	73	55	66
9	46	59	97	7
51	79	83	16	12
50	10	63	40	79
57	81	80	39	82
36	3	83	85	89
9	71	27	93	51
47	53	75	68	78
67	16	58	82	79
86	18	64	51	78
39	93	60	58	17
61	86	96	75	42
24	29	88	37	30
3	8	13	92	83
95	95	20	17	15
89	30	83	67	69
82	57	28	62	21
82	39	24	39	59
30	5	13	72	42
8	12	20	92	3
98	22	21	45	17
30	98	68	93	31
83	69	72	81	69
77	55	35	35	61
69	25	21	46	19
72	89	90	17	55
42	70	97	80	12
7	95	47	31	63
6	85	31	31	98
73	45	55	76	52
76	39	54	80	25
36	53	8	74	47
50	87	74	51	62
91	73	65	39	71
29	89	46	16	50
73	66	1	45	59
9	77	11	17	8
32	30	24	35	88
63	2	16	24	97
88	10	69	72	69
36	60	40	66	39
98	49	87	52	25
37	70	42	27	61
85	53	51	52	41
33	10	99	73	23
59	47	45	28	56
64	1	95	12	95
33	18	52	39	34
65	16	65	70	81
68	45	78	41	97
12	26	56	75	88
38	26	10	79	91
71	41	74	93	77
55	28	39	13	4
1	58	73	47	48
83	81	61	70	68
58	43	8	64	22
29	72	61	54	68
25	43	56	12	20
90	86	97	94	27
50	18	98	62	84
78	41	69	23	61
59	33	36	11	87
12	22	22	85	67
46	41	78	33	28
49	66	62	42	77
71	69	34	63	33
30	7	94	79	24
29	22	90	68	98
4	78	97	14	6
38	24	72	26	26
79	71	57	32	78
52	16	77	92	5
85	56	47	91	21
15	62	70	62	80
70	20	77	7	17
77	62	1	69	55
30	20	9	95	73
59	57	16	71	37
31	88	3	79	92
79	27	35	50	45
48	75	26	74	37
82	68	77	6	15
35	31	45	18	1
18	46	16	42	72
91	55	55	48	50
56	57	84	58	89
73	76	57	92	5
3	92	68	2	6
66	64	72	98	79
53	25	20	60	1
30	96	35	32	43
69	95	97	24	98
23	24	64	76	99
68	23	2	16	14
27	60	28	77	22
22	86	43	91	88
11	63	64	53	90
74	72	17	62	4
53	8	39	37	44
48	28	93	92	61
53	3	31	60	10
42	81	77	84	26
69	39	61	66	17
87	50	52	48	9
18	87	65	83	59
59	77	87	18	37
63	82	96	88	93
15	47	17	34	62
10	77	65	4	8
86	51	35	41	38
77	30	91	65	16
56	13	50	29	66
76	40	13	29	2
36	49	50	52	9
78	9	54	81	74
70	75	61	69	24
40	56	5	73	6
34	20	36	42	61
38	66	30	5	61
63	7	86	94	22
42	62	49	3	58
33	39	75	43	42
23	55	54	61	69
71	49	16	2	95
54	57	40	35	60
76	18	93	9	9
47	22	84	73	5
80	73	15	2	87
88	58	59	84	40
22	45	95	94	21
90	68	45	72	75
94	75	10	7	1
32	97	39	56	9
73	57	54	65	62
85	38	91	2	76
81	38	91	56	86
3	78	33	78	99
11	29	14	5	28
64	29	95	83	83
90	53	59	53	69
92	36	89	75	63
48	13	48	57	9
84	45	63	65	7
88	86	31	54	34
2	86	72	74	62
12	5	46	66	15
89	14	22	80	8
92	27	9	38	58
11	74	6	48	8
58	91	97	14	81
50	34	18	60	61
79	80	27	76	20
32	61	58	28	68
47	65	46	78	94
85	63	60	72	63
1	11	98	5	36
83	74	63	45	91
34	32	73	88	4
83	49	38	62	44
59	60	51	26	8
72	42	43	41	58
9	90	60	96	13
40	9	63	33	45
36	31	54	8	85
67	4	41	56	86
53	86	68	45	29
85	93	38	62	57
88	75	36	32	68
39	53	71	78	2
48	19	80	33	50
5	29	74	48	70
8	81	49	23	15
22	65	38	56	71
45	48	5	11	17
2	87	55	74	20
5	91	30	98	50
38	9	57	83	97
26	31	5	86	68
52	34	24	81	31
82	92	37	75	23
16	18	84	40	30
50	49	54	66	83
25	18	73	54	86
3	48	86	66	28
94	46	70	45	15
67	44	63	60	79
77	9	6	14	47
92	91	29	44	56
20	61	44	85	34
85	31	81	37	44
86	97	58	54	97
82	74	76	59	30
72	34	31	53	24
68	44	68	77	7
60	3	1	82	81
23	72	33	17	93
41	25	49	1	52
18	25	47	49	19
16	86	19	76	78
12	32	87	41	87
4	70	53	54	70
76	33	72	9	14
93	80	42	63	27
18	30	2	81	88
9	41	19	29	87
58	46	70	31	80
24	92	61	30	7
79	50	19	67	45
39	1	74	63	86
36	57	74	23	76
13	78	9	52	17
57	26	44	24	87
13	58	78	70	23
36	81	78	34	72
72	48	60	53	36
81	80	32	30	24
92	65	39	91	2
33	87	25	37	6
19	5	40	54	99
60	43	63	95	87
95	89	84	45	68
32	83	85	67	89
14	14	74	65	57
91	86	5	99	90
92	58	80	55	90
60	88	77	67	98
95	62	17	56	63
72	2	26	37	22
32	89	51	93	51
43	5	21	52	38
57	41	43	18	86
30	46	19	18	46
27	60	32	24	38
5	72	24	79	36
64	53	94	32	53
11	83	22	57	63
88	85	68	10	17
53	50	14	61	98
41	87	83	69	76
14	2	20	9	58
55	98	34	24	53
23	59	42	10	28
40	38	52	11	55
65	2	65	1	33
29	55	14	85	98
26	44	59	49	12
93	92	45	47	83
98	69	7	58	84
90	64	21	75	62
24	13	12	96	83
55	75	94	63	2
24	20	9	8	48
63	60	63	80	91
55	55	28	12	53
65	6	67	83	6
55	99	98	89	62
55	41	72	12	36
24	67	87	96	3
49	92	67	63	99
48	83	8	15	76
97	76	51	37	57
40	96	49	28	89
20	81	94	43	4
84	58	88	31	15
63	40	23	1	1
77	43	97	61	55
68	97	99	1	70
28	28	44	51	19
79	82	72	15	79
60	73	87	99	10
99	81	29	24	46
66	94	27	94	61
18	49	37	20	41
95	89	14	97	32
41	1	50	45	17
74	86	97	4	13
72	76	99	41	43
65	7	80	45	73
20	68	79	81	56
51	89	26	54	70
81	80	50	7	28
17	37	78	25	3
5	80	9	6	88
28	70	21	11	90
96	3	91	44	80
44	5	98	80	83
77	68	74	11	55
68	30	3	68	60
28	33	81	81	50
44	75	36	59	3
31	91	18	1	77
52	13	58	52	18
61	92	96	13	66
71	88	24	68	73
30	23	48	21	14
10	24	24	50	86
49	94	22	38	88
92	55	98	69	18
31	57	61	47	25
6	29	62	20	99
16	8	11	49	33
25	34	88	37	88
82	22	34	60	26
72	31	51	74	34
48	68	7	20	22
40	14	44	88	11
16	53	67	69	45
35	74	19	91	6
70	38	42	82	74

