500
5
29	99	26	94	16
36	18	94	48	70
99	97	95	11	21
2	28	22	47	25
99	91	66	39	57
92	61	33	1	86
88	83	32	35	56
9	12	8	31	28
45	52	44	66	23
12	55	69	61	22
95	47	69	81	52
26	71	8	48	77
78	23	57	78	47
36	79	21	39	94
63	86	24	31	93
68	73	89	60	63
49	59	65	97	40
52	59	66	45	26
24	40	47	84	10
47	13	32	55	44
49	83	52	58	48
85	94	76	98	53
85	69	1	95	98
31	42	92	89	45
86	39	42	42	59
76	88	21	1	39
58	62	59	69	75
48	16	80	67	81
84	86	12	5	6
71	85	15	79	55
69	33	4	51	95
3	11	99	97	37
57	68	9	25	54
94	45	49	9	10
81	22	52	30	85
27	63	90	99	95
96	15	68	97	97
77	74	79	43	27
35	80	30	19	62
41	84	42	14	79
27	8	65	84	83
79	52	38	33	8
96	74	53	26	64
61	53	84	55	64
56	13	28	43	72
17	40	19	71	78
42	13	42	10	38
58	5	51	30	24
45	48	48	73	43
28	2	61	30	48
79	14	10	16	44
99	44	81	44	93
99	85	68	20	77
14	34	34	97	7
29	30	22	37	88
59	77	47	4	24
13	31	46	5	94
12	91	89	43	13
82	65	92	67	3
94	90	62	66	19
19	60	88	61	46
25	30	27	81	17
59	80	26	12	67
58	11	47	37	53
80	52	63	81	51
40	62	63	20	62
45	25	93	66	50
91	87	76	9	73
4	14	66	65	31
58	75	10	79	73
94	38	10	35	26
82	61	58	78	52
74	30	79	14	8
28	8	34	47	60
41	99	13	12	50
42	79	8	1	60
86	98	56	25	82
71	81	80	77	10
9	55	73	18	23
87	19	27	34	4
97	70	50	91	14
81	66	16	10	94
54	16	30	16	71
12	62	66	70	58
58	25	83	50	93
89	32	36	69	86
7	98	14	83	73
16	84	69	5	47
19	58	69	59	22
14	24	31	2	62
24	62	91	1	81
80	21	40	95	25
42	75	14	19	3
34	91	14	83	87
42	5	88	96	31
56	58	97	40	27
4	69	39	17	13
8	99	40	92	31
36	96	48	42	72
55	75	82	36	46
29	81	72	3	41
88	62	45	14	2
83	68	56	8	61
83	61	63	84	16
3	28	76	96	70
64	46	40	29	37
44	59	94	95	70
61	30	91	67	69
95	97	81	21	34
81	92	45	89	79
81	43	91	42	59
14	77	38	5	91
19	34	79	79	9
46	66	1	11	86
26	98	58	45	97
93	14	94	60	58
73	42	39	80	15
46	76	46	27	20
59	37	49	71	42
5	20	68	29	10
42	64	47	64	44
67	22	70	23	64
66	9	69	20	67
20	66	68	84	21
19	18	23	66	91
62	72	89	15	7
6	30	8	42	34
61	76	82	9	39
99	57	94	51	79
55	24	22	39	84
1	68	55	93	34
60	63	68	86	18
99	23	29	48	20
92	17	8	29	55
35	37	60	33	99
4	87	45	81	50
63	37	64	49	98
29	25	78	5	54
22	88	35	39	40
62	27	3	64	54
46	37	21	68	32
46	79	82	71	86
31	17	86	7	70
99	85	1	27	64
63	55	25	53	38
13	34	58	40	79
36	88	2	53	67
27	65	8	4	61
74	43	6	83	22
32	16	10	32	62
74	31	92	27	44
60	50	3	24	63
25	71	57	13	74
86	28	64	76	96
64	40	62	31	65
47	87	14	82	99
63	15	72	65	82
57	45	94	44	78
44	20	28	45	16
50	9	31	33	6
65	10	49	50	62
26	58	32	99	45
97	81	50	94	17
54	24	32	54	2
90	73	2	77	54
57	7	31	92	44
85	53	27	22	41
18	41	51	88	82
26	76	25	7	9
55	10	97	26	11
48	43	55	51	18
51	23	26	85	3
10	69	30	63	6
6	99	32	74	69
79	51	83	6	43
62	31	78	75	72
32	36	95	16	56
44	42	27	33	34
12	20	59	26	72
98	43	63	27	53
38	65	19	14	54
69	37	88	86	13
84	83	47	19	10
42	67	21	33	3
85	16	74	37	98
67	23	27	1	19
93	5	52	41	87
52	29	88	40	51
13	74	42	64	21
13	91	73	63	24
79	56	94	85	37
43	25	65	20	86
33	34	88	78	33
40	31	41	3	82
70	66	31	76	99
57	9	35	82	52
98	5	21	47	37
56	67	71	96	33
58	75	56	18	91
88	65	13	73	67
84	84	86	42	89
50	32	3	45	58
63	38	2	82	50
44	14	47	61	74
73	16	15	67	39
77	19	52	82	1
97	81	65	25	48
73	59	93	87	77
26	95	58	60	63
10	62	63	27	63
9	13	86	52	4
12	98	24	79	28
56	1	2	49	86
66	43	10	12	12
77	22	42	3	24
92	57	46	84	91
63	96	63	2	25
39	58	45	74	83
92	38	66	27	12
77	32	19	44	36
70	16	72	90	35
5	32	29	71	26
82	37	5	29	91
34	5	4	51	19
78	44	96	42	23
59	75	62	98	90
37	45	51	51	1
13	36	29	87	93
59	79	78	93	98
39	30	22	37	76
36	66	99	14	32
26	90	21	24	88
93	8	23	84	30
51	84	21	71	15
59	88	64	91	39
82	77	84	8	85
22	43	85	75	30
72	97	38	67	40
92	97	58	81	40
68	33	92	62	72
7	77	35	34	51
25	95	6	96	55
72	97	7	67	84
7	37	35	91	54
93	14	85	61	92
97	61	82	81	65
5	30	79	94	16
20	40	85	48	80
67	52	65	73	37
67	63	80	65	13
8	65	81	63	34
46	72	34	84	40
16	91	28	26	13
27	3	69	12	39
96	97	12	41	60
31	56	18	26	49
55	23	17	26	18
16	74	25	92	10
96	97	70	19	72
61	80	10	74	46
64	97	20	43	34
84	7	37	10	34
6	74	50	79	78
47	59	73	96	73
4	4	41	22	79
32	99	11	93	46
35	74	3	76	27
89	1	15	52	33
22	45	19	48	80
59	45	33	23	12
77	7	14	43	49
59	66	49	67	33
4	56	97	95	30
15	15	47	37	98
6	1	31	44	99
80	17	30	65	17
19	60	30	9	64
53	69	57	36	27
38	27	15	7	39
70	61	59	70	51
47	99	10	75	98
23	18	52	10	27
60	63	70	5	42
40	80	79	78	76
29	58	52	94	94
93	23	23	98	40
95	51	28	5	48
43	84	83	7	7
34	9	73	30	12
33	89	67	86	73
9	69	57	49	55
97	45	68	51	53
60	19	83	99	40
79	57	12	81	97
17	82	89	48	84
74	83	82	25	76
43	62	8	89	32
41	56	7	85	59
88	3	81	54	37
59	10	2	13	59
88	73	31	22	90
33	2	90	6	24
5	65	77	35	50
97	24	45	21	68
55	76	25	59	32
41	52	1	91	23
12	69	9	36	91
92	55	50	35	10
27	47	75	32	23
15	50	77	96	74
64	7	68	10	32
22	81	80	86	93
7	47	87	35	65
36	34	58	40	12
12	62	73	88	15
92	74	93	33	9
64	17	52	56	34
3	45	51	35	49
46	89	62	3	69
92	31	89	2	67
46	40	81	85	80
19	47	41	26	29
63	79	90	90	54
28	98	62	8	12
18	56	91	20	65
25	3	31	50	59
87	53	53	46	4
88	90	65	96	96
20	93	32	76	74
77	68	96	84	64
30	65	30	19	78
49	74	2	78	16
22	15	69	73	54
71	54	20	21	20
36	77	81	20	25
96	72	68	85	94
56	67	44	92	95
50	11	39	18	6
94	91	86	16	52
29	69	30	98	95
8	92	85	53	20
31	74	89	92	54
8	96	45	63	25
43	20	85	56	62
29	7	96	87	54
55	12	32	79	1
27	70	43	81	59
50	23	57	50	49
12	41	56	62	94
18	28	47	13	80
76	42	3	35	55
21	5	97	36	11
35	32	35	97	21
58	18	47	14	10
12	92	1	5	47
8	55	66	68	29
21	89	12	24	98
33	62	2	91	29
70	14	54	84	37
16	69	86	66	15
95	6	20	71	6
53	78	27	64	5
27	87	85	29	4
21	39	28	4	56
15	5	46	18	62
17	96	52	81	94
72	51	86	50	96
4	80	68	89	23
72	64	66	43	85
48	73	78	44	42
50	24	30	71	35
68	95	98	82	11
91	35	91	70	48
86	57	80	73	83
66	28	30	28	95
12	69	47	14	45
56	92	6	13	29
22	11	37	13	37
72	4	49	23	39
13	85	78	59	91
46	89	40	56	33
75	81	99	58	85
79	77	36	56	50
72	17	79	73	46
91	44	29	26	96
36	39	36	5	33
47	60	20	5	49
91	59	8	4	40
78	60	82	53	74
95	55	14	94	98
56	75	89	67	40
68	76	99	31	27
67	95	80	44	36
20	53	75	31	75
66	2	96	18	61
85	42	11	37	86
80	48	64	84	89
99	76	85	5	70
29	16	37	13	31
6	70	42	95	53
34	43	65	88	72
92	89	5	88	49
57	69	4	41	92
12	34	55	23	63
72	70	98	37	72
94	96	7	17	89
6	99	6	30	71
75	48	2	27	15
1	60	97	17	29
9	64	39	36	50
74	62	62	23	62
57	31	40	39	96
97	49	86	61	99
56	95	99	94	64
73	23	20	44	75
37	65	16	20	92
58	10	91	92	30
20	51	28	85	98
62	29	9	14	40
99	63	5	69	35
62	7	23	29	94
71	28	24	19	6
89	72	34	5	29
48	63	42	57	56
69	63	68	13	94
96	40	76	91	19
96	39	7	8	70
55	48	53	82	4
51	1	27	88	27
56	67	1	67	73
32	42	83	26	58
98	6	61	40	46
13	75	99	51	73
8	65	78	56	31
75	90	7	93	55
96	90	97	93	11
92	4	39	83	58
9	53	19	74	48
35	39	59	63	23
81	35	11	38	49
6	95	52	18	95
7	6	60	47	12
81	16	79	10	62
18	69	13	9	44
77	92	73	47	34
15	30	60	92	73
67	81	39	85	80
62	20	57	99	50
54	15	67	35	60
39	49	51	51	10
93	50	60	18	54
58	47	56	68	51
21	9	85	43	96
12	97	76	53	36
5	92	53	40	15
51	22	75	16	72
73	76	44	89	1
97	91	95	91	58
17	55	81	92	44
47	50	56	94	98
95	57	57	4	60
75	58	31	71	66
22	62	24	82	53
56	82	51	70	26
97	84	24	81	25
52	44	15	24	20
68	92	11	38	51
12	4	11	49	51
67	94	36	82	86
81	6	20	61	53
7	74	22	19	77
41	12	17	86	35
59	3	68	60	83
30	73	82	34	25
46	16	42	31	22
90	32	41	51	68
57	99	25	92	34
61	45	88	28	65
51	7	8	54	58
53	36	58	74	28
61	21	67	22	61
43	88	1	44	26
32	74	12	27	63
72	69	36	54	97
69	73	14	77	98
24	87	83	39	37
48	19	1	48	56
61	39	9	86	72
45	58	68	94	92
61	27	25	29	17
93	81	76	49	47
24	42	57	86	22
20	90	26	27	2
86	70	72	64	92
8	63	60	61	44
92	13	57	80	53
19	48	3	15	97
22	7	1	65	76
89	13	80	51	28
14	20	29	68	87


