500
5
38	89	98	31	6
14	44	19	23	99
60	88	1	50	98
83	63	13	37	80
89	44	53	28	42
7	26	23	5	69
95	23	36	70	42
78	47	85	41	56
80	45	59	72	27
35	61	19	73	4
93	40	24	54	96
96	58	93	81	44
29	12	19	91	82
78	14	2	14	65
1	70	48	77	49
78	98	14	20	95
4	99	29	31	11
95	66	47	58	70
33	92	60	66	37
31	65	94	56	6
76	88	56	59	84
95	78	99	84	68
37	15	32	74	12
63	73	4	82	18
74	73	77	96	26
74	38	58	29	11
47	15	5	54	12
5	21	38	73	40
68	57	67	37	95
65	53	94	73	52
49	95	73	82	25
97	59	28	91	27
76	51	10	69	70
89	87	37	75	41
4	34	41	19	25
57	91	73	37	77
7	77	28	20	13
64	31	66	36	46
3	80	30	31	13
66	53	38	99	8
35	71	34	44	63
57	63	77	47	39
82	81	64	10	50
98	20	36	94	74
74	50	95	48	19
10	23	71	66	56
55	26	30	72	66
43	20	44	15	34
69	45	35	1	38
94	52	75	49	56
16	46	98	35	80
8	26	58	1	71
89	13	9	89	18
7	13	47	82	58
63	4	51	73	87
31	11	10	57	67
96	50	28	92	81
86	47	16	29	37
65	38	31	96	17
86	86	86	93	23
96	29	3	40	15
22	97	22	49	42
98	84	81	44	94
38	69	84	77	70
69	83	13	28	46
30	94	49	23	41
86	72	36	52	91
81	32	66	28	87
86	17	7	82	98
30	2	82	19	68
8	95	46	44	33
15	88	7	86	37
74	43	90	32	23
97	87	15	11	85
47	33	71	93	77
47	33	60	72	46
43	16	2	14	68
79	76	25	54	65
66	61	96	80	83
80	87	97	89	32
89	47	80	68	42
61	56	91	98	99
12	85	81	88	57
59	23	54	7	4
2	5	57	19	63
8	54	36	91	29
31	91	19	4	21
57	10	99	1	47
87	3	19	56	18
80	71	49	61	16
87	84	38	71	83
1	47	85	39	66
13	50	63	87	40
23	18	15	49	8
59	56	25	21	7
95	66	6	55	57
93	69	4	16	86
12	14	80	8	66
27	46	47	91	19
49	14	58	50	94
71	89	16	44	66
82	99	34	1	40
35	27	2	45	85
99	92	84	4	74
71	12	1	35	57
77	93	30	81	8
27	33	84	64	51
97	48	42	34	69
95	57	7	10	58
93	75	13	22	95
81	94	68	9	23
45	10	39	35	98
39	25	18	17	24
41	67	44	56	46
67	19	60	99	95
59	4	98	54	69
60	9	50	71	85
8	1	97	37	26
31	92	29	77	32
39	94	3	16	19
3	36	74	13	30
97	62	14	65	50
5	60	31	87	97
61	85	40	99	87
58	18	74	88	3
65	57	9	70	70
7	65	27	48	82
24	95	91	99	6
5	84	14	45	29
2	94	78	50	4
73	89	94	32	22
40	64	49	77	44
87	30	45	27	66
97	25	49	83	66
76	55	14	6	35
28	64	93	19	91
64	65	71	8	82
99	83	5	33	52
27	86	54	18	71
88	62	84	85	60
80	69	59	5	92
90	83	77	55	76
28	71	91	8	91
2	72	55	85	62
29	30	74	12	30
89	30	15	98	71
31	31	1	36	47
85	33	21	26	69
33	47	36	77	20
85	38	54	31	91
96	17	37	72	12
5	94	4	53	68
9	85	20	6	65
93	67	22	67	94
46	34	98	76	80
50	16	11	53	3
80	97	75	10	82
17	80	53	88	91
58	5	3	48	7
33	2	97	52	55
66	62	71	6	70
65	79	92	6	98
39	4	78	91	71
2	76	87	34	24
82	59	84	91	58
17	20	62	32	42
71	88	69	35	33
52	91	96	9	41
58	53	48	99	47
28	48	38	14	97
12	98	83	20	96
49	48	26	59	8
85	23	97	83	1
60	25	18	65	37
96	56	60	88	79
79	98	70	82	60
6	96	74	17	63
88	9	99	82	12
91	14	39	17	90
25	75	63	80	34
40	30	17	95	55
77	90	73	58	76
92	68	9	68	34
36	68	83	21	40
3	73	27	11	84
68	63	52	39	31
62	88	93	59	51
28	92	87	33	73
1	92	31	8	61
22	99	82	7	50
5	9	20	68	67
29	25	69	42	47
39	13	3	85	75
74	33	50	9	38
52	8	79	60	41
14	23	71	69	53
85	37	57	34	46
36	16	41	23	49
33	64	75	2	41
57	93	64	99	64
50	4	70	72	13
57	94	26	19	6
75	8	9	86	89
74	7	49	64	6
34	73	49	53	7
66	35	22	24	20
30	59	37	33	74
33	90	28	85	86
79	43	15	94	81
42	80	38	8	8
60	88	77	36	76
19	90	15	50	51
36	38	95	88	32
55	83	36	82	93
58	88	13	22	8
93	70	46	11	66
90	78	64	98	77
60	30	63	5	44
89	9	56	39	58
26	12	11	63	86
10	98	9	62	11
77	83	7	10	5
37	4	91	63	72
55	78	26	1	25
62	44	2	12	64
46	68	20	3	20
17	19	85	12	74
51	97	8	61	18
73	64	23	88	39
38	15	31	27	26
76	16	17	64	46
81	45	30	15	68
6	71	96	7	42
14	71	70	44	33
17	48	90	74	16
82	94	58	68	39
93	24	28	24	8
87	54	32	42	1
63	59	54	45	58
22	25	21	53	42
33	14	73	10	63
51	75	23	24	76
65	1	86	35	40
26	20	11	87	58
74	62	92	85	11
80	58	52	99	1
52	9	45	32	4
27	87	1	96	33
46	14	93	23	84
82	77	21	66	19
81	97	5	62	94
6	63	53	94	25
16	22	30	41	91
24	65	74	57	46
34	96	40	56	63
22	53	98	55	76
3	32	82	41	47
25	53	69	41	68
34	70	61	49	44
62	88	99	55	91
64	2	43	21	78
80	82	49	93	14
48	96	59	44	59
69	36	21	22	29
15	62	46	77	95
90	96	28	7	13
88	71	23	55	52
79	8	26	20	7
80	24	53	74	89
14	97	19	22	57
88	26	95	86	61
44	55	24	48	34
56	22	76	28	11
57	54	29	17	80
84	23	4	58	71
17	87	98	40	87
41	22	59	31	68
21	40	57	8	73
85	17	67	36	4
51	32	73	87	43
36	67	33	52	44
63	62	33	22	38
20	42	6	79	84
51	17	98	21	61
9	59	15	75	29
82	29	33	20	50
41	41	78	4	47
65	11	23	11	91
95	15	38	98	3
91	58	25	93	14
47	71	28	55	1
53	67	31	3	8
62	34	89	62	32
65	16	54	84	79
66	51	70	63	34
27	52	36	30	56
45	43	89	73	52
81	37	51	55	12
98	70	16	45	80
22	84	18	20	56
70	41	46	24	49
77	40	62	49	28
25	99	1	81	45
6	88	4	61	12
63	39	59	79	19
24	23	24	6	69
51	47	28	61	15
40	18	49	30	83
41	87	92	47	21
43	17	90	45	74
80	21	71	62	65
36	45	69	33	30
76	92	96	55	25
19	23	75	92	58
17	77	96	21	87
42	82	12	59	97
9	76	81	4	75
91	79	67	99	85
78	29	50	47	68
90	72	3	7	92
19	52	91	78	46
24	34	8	18	95
55	20	89	62	11
98	96	94	90	10
36	60	71	88	68
87	65	63	39	69
14	85	50	94	52
95	53	32	12	55
49	38	30	69	64
51	71	55	49	39
78	78	21	52	21
22	81	62	56	36
93	27	56	32	13
3	7	11	29	90
76	22	36	88	11
57	47	30	20	16
5	52	82	41	16
54	5	95	50	22
31	86	4	21	58
25	63	73	15	10
3	89	22	95	28
29	4	70	88	48
61	69	83	6	14
31	51	89	27	65
27	50	75	49	43
38	20	36	99	33
13	73	22	47	69
45	27	92	51	58
99	54	13	69	50
17	71	15	44	28
2	33	20	3	73
99	22	57	29	50
86	9	24	33	98
28	39	85	98	82
21	16	2	78	58
78	82	70	93	75
79	87	73	71	8
93	2	34	42	5
30	27	92	42	28
50	87	19	5	90
84	41	84	67	70
48	79	85	40	29
37	71	33	75	39
48	31	28	50	95
71	37	98	91	52
72	78	36	68	28
3	52	57	51	35
92	81	36	47	18
57	84	83	31	61
43	49	74	55	73
60	17	39	17	54
26	16	34	7	51
52	59	80	93	12
50	12	22	51	19
33	57	77	25	89
77	44	21	31	80
7	38	20	7	44
64	55	9	78	51
10	1	53	63	81
89	96	57	14	63
64	39	48	76	60
25	66	15	11	78
67	86	98	91	7
43	53	85	24	89
27	26	41	77	14
73	37	97	17	12
92	29	92	35	8
59	93	44	18	67
16	75	11	66	82
78	99	82	10	66
24	6	50	9	87
25	72	7	10	7
85	95	7	15	3
85	82	53	73	67
93	17	96	20	76
66	3	73	89	37
16	59	53	51	46
84	25	88	61	92
21	75	17	62	71
72	95	17	47	38
2	21	25	88	6
57	80	31	28	91
8	51	34	48	63
52	34	23	93	38
34	28	88	83	30
88	10	35	18	91
76	63	56	54	92
93	59	16	27	37
69	55	10	21	5
48	52	44	84	32
5	77	9	57	16
80	73	84	83	45
6	58	77	82	81
71	56	49	40	8
16	88	83	26	77
55	24	78	22	31
26	64	14	64	43
46	22	25	42	10
57	22	77	81	85
18	47	32	31	34
7	8	69	22	70
85	71	65	15	5
87	23	2	42	17
38	58	32	99	46
75	68	93	72	71
70	22	17	82	42
98	68	6	45	18
1	95	19	54	36
47	2	18	5	17
47	94	93	23	71
36	30	36	41	23
16	10	62	10	29
48	56	44	96	67
60	87	33	36	64
92	77	8	19	94
58	49	44	51	77
15	21	34	35	89
82	30	23	26	58
75	48	2	73	10
82	17	56	82	60
20	32	65	67	7
43	19	2	45	96
78	38	1	83	79
58	95	25	66	36
65	39	59	5	72
63	49	93	70	84
13	14	93	26	15
20	94	13	58	75
26	40	71	74	76
45	67	4	44	46
44	83	55	4	63
13	67	82	98	72
28	4	69	3	41
29	20	89	69	74
67	85	26	72	61
95	15	4	49	23
7	23	59	35	3
2	2	80	90	11
78	56	64	98	70
72	49	39	14	91
62	23	25	1	73
25	34	36	13	66
21	65	17	99	38
72	82	33	85	18
3	42	87	56	80
93	14	41	13	5
70	36	46	42	19
24	86	31	4	96
1	53	5	94	95
57	26	80	18	49
46	85	98	71	47
46	48	29	13	62
52	41	88	66	79
71	29	96	36	5
58	11	56	37	20
41	76	11	79	45
34	23	20	81	97
79	3	14	26	29
17	62	36	56	97
73	65	95	30	55
25	84	57	88	41
27	54	35	83	39
42	62	64	83	62
89	34	25	58	54
19	84	52	6	37
78	35	46	47	99
86	73	82	58	83
63	12	67	57	33
92	26	62	73	57
25	56	76	70	68
11	12	71	1	90
44	77	44	92	59
14	51	52	14	58
65	2	31	8	20
23	46	38	40	77
47	27	65	78	95
59	87	95	22	86
30	56	86	89	77
74	41	27	85	45
86	47	55	34	68

