500
5
69	80	76	46	7
51	90	24	91	42
9	49	78	74	32
16	59	17	19	47
14	24	10	34	87
53	25	59	51	73
22	17	77	13	13
81	63	34	54	36
50	10	70	23	14
46	13	34	49	69
54	70	37	9	94
7	43	39	8	80
30	46	94	6	89
55	65	98	39	13
83	60	56	93	38
29	3	11	45	16
51	29	98	66	39
84	31	30	75	43
24	61	6	49	76
43	85	48	8	2
68	94	2	75	76
96	67	21	16	65
86	55	74	59	89
92	28	31	71	15
70	65	45	1	15
52	93	95	37	34
45	41	92	78	6
6	16	65	86	91
84	81	30	12	60
76	42	39	6	92
26	59	16	91	79
35	71	60	68	23
50	87	60	50	34
87	69	5	61	27
55	80	25	10	97
55	10	95	94	90
87	80	18	1	17
72	15	16	35	17
63	57	66	3	43
43	9	97	1	71
37	86	22	65	11
77	22	69	17	47
5	70	25	73	32
26	15	11	12	54
68	32	24	80	1
58	7	84	56	50
69	30	23	15	20
79	92	11	60	43
49	77	5	88	1
40	1	21	6	23
9	26	95	13	13
30	39	64	83	43
86	80	46	79	95
9	58	48	45	7
41	88	15	67	76
12	19	44	80	9
59	71	52	96	2
75	29	40	10	79
32	42	94	66	16
33	96	34	50	25
77	17	5	30	68
45	84	6	97	27
99	6	30	81	60
61	48	73	85	97
42	18	69	42	9
69	46	93	38	26
27	72	61	65	71
19	54	49	12	68
22	81	68	34	99
3	97	83	48	55
61	36	40	28	19
35	24	32	69	32
76	55	21	44	92
61	70	49	60	56
41	28	87	95	61
49	47	21	60	68
37	86	78	16	28
95	11	81	24	93
15	14	92	8	43
29	87	96	54	53
59	27	81	66	34
64	51	27	87	16
47	64	30	88	55
5	41	36	20	85
20	33	40	14	2
53	45	39	47	75
59	54	71	63	18
32	64	8	91	81
77	18	89	37	23
87	58	61	66	34
49	41	7	41	26
27	53	61	27	78
57	7	55	60	99
90	88	15	23	50
14	42	86	57	64
30	24	42	17	77
93	79	93	85	84
63	94	56	13	23
81	50	65	37	71
82	87	94	58	68
78	58	91	17	69
95	90	27	5	14
68	68	19	59	83
88	15	6	56	94
88	80	64	88	54
39	96	19	37	6
93	1	19	26	31
47	15	71	16	65
65	6	90	93	13
94	84	61	79	80
1	42	35	23	8
40	21	69	90	63
28	81	18	87	70
5	56	30	2	70
24	5	10	37	69
71	27	92	37	39
93	80	98	67	36
90	33	94	42	73
13	90	89	31	69
8	13	25	38	72
8	61	93	52	49
90	87	27	45	1
97	27	12	22	96
94	80	91	34	65
95	53	16	43	20
59	96	85	49	28
36	9	70	70	18
74	78	1	46	33
63	1	19	69	6
6	29	71	59	10
42	60	61	14	39
96	61	25	20	95
47	79	95	56	33
15	18	47	1	45
12	48	11	81	98
36	29	39	95	92
12	22	3	90	89
12	29	89	20	19
77	28	45	98	73
28	26	72	75	89
58	19	72	75	68
11	95	16	26	66
30	69	72	30	63
60	87	22	31	47
38	91	57	5	88
37	4	31	33	14
72	34	14	78	32
77	47	42	91	53
3	91	20	28	23
20	25	56	2	63
53	82	50	3	49
27	23	14	39	70
77	72	45	59	20
72	60	25	79	82
56	9	9	62	42
60	85	96	38	97
6	92	14	77	14
65	73	38	15	34
11	98	97	60	16
8	42	88	36	9
93	77	81	95	28
9	97	16	55	66
78	87	98	66	70
82	74	72	83	4
70	23	13	57	47
76	68	45	43	16
99	40	21	66	14
51	32	71	71	39
77	50	57	69	30
48	5	69	8	32
93	29	25	84	43
55	23	62	67	18
89	19	31	97	88
92	15	43	59	43
54	51	65	49	40
76	83	49	14	24
19	57	56	74	12
74	15	77	51	27
80	70	26	98	32
91	88	59	45	14
39	36	86	60	3
26	28	83	53	90
11	25	47	31	96
61	12	3	81	31
85	64	62	21	86
52	33	34	46	65
20	20	53	54	57
65	13	89	16	47
28	18	86	30	80
55	66	38	69	29
12	51	71	45	54
54	83	16	97	97
50	78	3	7	4
92	48	83	37	74
38	56	37	30	92
35	2	81	39	80
29	92	93	83	31
40	46	81	66	54
62	1	26	55	14
15	14	84	99	61
21	4	77	46	33
88	56	50	85	43
69	63	11	80	68
17	26	72	28	17
33	85	9	67	94
22	69	28	66	38
17	96	69	91	28
80	72	50	21	11
93	84	69	84	74
44	3	79	84	23
17	46	7	96	82
64	69	20	26	73
11	81	80	58	49
8	70	18	81	74
23	16	59	26	71
94	96	34	99	9
78	11	34	14	47
93	56	77	82	49
50	1	12	91	9
74	34	44	44	56
86	14	57	84	3
85	65	37	27	40
74	16	70	54	80
28	24	64	85	3
4	8	39	3	49
10	30	8	52	13
37	92	18	74	85
95	31	80	32	65
57	92	69	46	90
14	54	8	53	22
80	90	22	41	35
84	34	81	32	72
45	44	71	53	3
73	60	43	52	69
97	3	14	69	98
68	75	63	28	32
68	33	83	36	81
81	34	86	57	28
73	2	79	22	14
16	84	94	10	76
8	20	3	48	54
29	52	63	67	59
72	70	30	68	55
34	74	15	5	37
14	9	8	65	44
44	8	57	34	23
81	13	93	47	5
26	19	37	57	57
38	31	26	44	96
34	24	92	73	88
34	49	39	84	47
86	34	52	46	1
37	60	49	97	90
93	15	18	14	62
81	28	62	41	54
47	33	27	10	81
74	9	10	14	49
18	90	99	35	66
9	31	67	86	15
57	99	85	98	80
50	69	75	4	39
46	51	1	2	12
16	83	13	43	66
69	70	2	73	51
73	67	92	61	80
4	6	31	87	25
88	79	31	46	84
65	56	33	11	66
35	3	85	53	76
70	16	10	19	38
60	62	87	72	30
45	63	61	31	2
1	17	83	53	33
13	38	39	37	59
98	15	74	3	89
38	30	72	51	11
55	18	10	62	7
83	23	45	36	18
20	24	91	99	34
97	41	85	55	62
44	79	88	85	93
86	59	47	65	28
8	43	23	2	91
98	49	27	28	64
85	55	53	43	78
16	22	41	79	99
16	29	38	54	11
11	33	70	29	79
84	91	93	57	30
84	86	86	35	45
18	81	85	10	64
58	2	17	66	29
33	76	60	70	8
19	40	29	82	50
77	35	3	14	70
53	95	23	5	72
33	42	35	42	69
63	90	27	59	3
40	48	52	69	84
84	78	49	36	44
76	20	39	78	72
66	46	22	6	97
22	75	8	71	92
83	28	25	27	13
53	40	83	65	23
6	77	12	30	2
45	73	5	33	74
38	63	73	92	44
13	13	5	63	63
92	26	98	40	81
44	90	44	12	86
17	4	92	37	70
22	5	33	57	83
55	29	24	13	4
5	26	95	11	62
55	35	51	24	20
34	26	80	31	96
66	58	59	1	21
71	11	30	66	79
74	58	87	40	16
11	55	58	2	91
67	13	83	25	92
93	45	26	11	41
80	36	94	15	28
3	47	97	56	97
3	17	65	22	90
2	81	75	88	82
40	81	28	35	19
33	65	23	82	93
58	36	83	63	75
53	82	91	58	27
10	84	33	37	66
31	93	23	52	6
58	5	74	60	33
50	58	22	77	53
68	41	72	84	79
88	6	48	38	64
81	75	44	10	13
18	32	12	34	10
96	25	93	56	10
41	48	28	77	53
65	51	74	43	40
42	58	80	71	73
42	55	50	89	54
39	10	95	31	37
21	13	8	21	46
77	58	86	35	43
20	99	13	9	63
41	93	26	86	99
83	93	38	92	96
31	16	82	48	27
60	65	73	56	19
59	85	90	50	67
26	83	42	79	91
34	75	18	27	92
95	34	40	62	97
14	33	52	43	41
64	33	87	91	15
89	23	44	12	15
72	39	10	41	10
93	98	21	44	79
97	13	51	90	26
49	43	20	78	6
30	18	84	65	4
63	27	70	47	35
37	59	53	21	90
53	89	94	56	65
58	27	59	39	84
68	58	35	41	86
44	70	2	35	2
88	72	31	79	38
65	20	81	73	58
48	26	98	34	87
24	41	60	91	96
39	8	51	38	49
26	27	25	97	84
70	4	7	27	8
70	11	66	78	9
10	83	15	1	61
73	12	19	27	63
69	37	61	38	2
41	49	58	71	45
41	74	99	70	79
15	98	59	96	55
50	89	90	98	49
8	67	32	20	44
86	16	66	98	53
15	36	40	17	72
82	44	57	51	68
56	17	30	95	24
38	37	60	45	62
53	48	12	55	55
92	23	14	41	81
35	43	23	33	52
24	82	18	1	92
27	93	44	27	45
54	27	77	33	33
10	8	85	44	13
83	39	35	79	40
22	88	83	93	95
63	99	63	46	71
89	97	51	16	95
65	5	97	46	79
33	38	64	42	66
86	26	38	58	31
9	7	78	11	33
5	59	44	5	94
88	70	26	15	12
97	34	39	77	7
92	38	15	25	23
99	74	50	23	19
11	41	74	27	50
90	24	86	12	34
73	74	52	72	79
36	99	7	33	27
44	27	72	64	4
22	39	97	14	70
97	64	4	9	81
95	98	51	80	66
70	21	60	42	66
22	26	19	80	58
50	75	60	81	74
66	10	86	45	37
22	12	16	15	71
25	93	25	49	96
4	98	16	22	57
90	92	88	75	3
77	22	11	95	89
39	99	68	49	20
99	51	87	65	66
5	38	73	14	14
84	80	89	61	76
70	81	53	49	36
62	4	47	14	64
11	47	88	62	69
18	53	57	7	26
27	41	53	11	53
73	12	4	59	41
19	7	82	5	17
48	85	18	41	93
3	63	43	16	87
53	33	65	69	58
67	4	55	89	32
69	35	81	60	47
33	51	26	32	46
13	33	89	13	51
33	15	46	33	44
65	96	3	73	2
53	94	45	64	84
11	89	90	63	31
32	61	8	51	84
6	20	13	30	83
17	10	87	9	24
28	8	81	62	46
41	51	59	26	83
74	11	91	52	24
45	90	74	50	63
22	96	2	20	75
9	58	82	36	96
37	61	57	37	21
20	23	99	56	55
32	95	77	62	77
48	70	49	6	99
12	65	57	75	63
15	46	63	87	79
12	30	51	70	51
79	5	74	37	84
94	21	96	74	12
13	69	85	59	51
17	4	35	87	3
69	40	72	69	99
97	20	59	69	61
78	56	90	68	46
20	97	42	13	51
49	26	94	72	79
12	98	53	81	64
45	74	69	14	58
96	86	86	75	15
5	30	77	61	94
1	74	63	4	89
98	7	67	85	41
14	38	60	10	82
71	86	80	26	90
83	2	72	56	88
36	57	24	47	4
35	58	39	17	9
6	18	95	36	37
11	37	16	81	45
5	28	96	7	30
66	95	41	73	82
88	79	23	3	82
22	94	46	34	54
29	6	62	7	8
54	74	76	18	43
20	14	88	55	52
92	63	46	5	38
79	60	23	32	17
34	43	6	99	75
40	82	53	39	66
4	71	86	29	68

