500
5
12	98	91	13	85
38	71	82	48	81
75	84	55	48	38
53	46	71	83	68
45	35	58	79	81
39	78	32	96	68
8	42	39	28	20
4	13	59	23	46
84	41	2	5	80
69	66	88	48	77
78	56	11	18	11
7	7	79	37	13
34	46	14	20	15
71	63	58	41	49
36	27	57	49	56
72	75	3	50	84
25	53	80	86	21
26	25	74	22	5
65	35	73	81	81
62	8	35	39	58
42	24	13	27	64
79	85	49	58	57
20	69	80	38	3
55	51	86	26	39
60	87	60	6	37
85	38	50	52	54
4	28	21	34	95
8	2	91	67	43
34	90	79	53	69
99	23	65	7	6
6	38	26	31	71
79	98	23	64	26
79	16	56	24	43
98	34	96	40	48
32	52	35	61	96
56	10	16	6	34
43	95	28	43	91
14	12	21	41	40
56	45	4	47	62
27	17	89	11	29
4	62	89	74	57
22	47	75	79	33
11	39	95	94	97
77	59	86	70	18
68	13	39	73	27
48	7	44	28	36
68	62	68	70	92
58	53	16	24	70
67	97	39	32	13
87	34	71	87	85
17	59	57	58	62
70	47	33	88	95
78	78	55	65	5
25	48	74	78	28
88	42	21	10	92
12	8	94	35	34
54	91	26	30	46
87	60	15	59	69
75	55	98	79	41
86	51	18	65	12
18	26	62	10	71
36	84	44	93	3
84	57	12	20	14
39	2	59	31	61
72	74	49	41	31
89	35	37	92	3
3	53	86	32	52
28	23	91	84	51
75	27	23	79	98
93	55	53	3	72
53	57	27	76	39
89	68	69	37	21
1	32	94	89	49
91	13	15	5	43
38	63	6	86	90
15	18	55	26	29
43	51	94	42	47
43	63	89	97	12
66	48	63	40	58
98	35	87	20	32
64	49	74	79	82
97	72	42	88	9
84	11	6	3	57
28	73	45	82	61
50	79	41	2	22
29	33	55	49	34
92	91	88	96	99
92	19	94	36	53
88	91	54	34	84
77	82	76	92	77
71	21	30	8	46
40	40	44	36	74
65	97	90	17	82
67	85	50	25	67
48	75	47	25	84
14	92	8	99	84
69	41	8	84	56
78	31	88	93	25
98	90	42	9	1
75	53	88	24	13
43	60	64	67	23
28	68	67	99	88
91	84	93	82	8
24	13	67	41	20
60	91	33	11	40
37	25	38	28	61
89	62	63	64	67
70	56	42	45	92
59	83	83	66	37
43	54	3	57	21
79	89	41	86	18
39	16	59	34	10
91	94	9	54	46
82	53	79	78	74
99	42	4	35	30
88	80	85	91	7
87	64	88	65	44
18	44	56	60	30
39	43	4	44	83
52	35	17	10	80
53	34	27	40	67
61	82	82	87	19
74	69	96	62	38
77	52	61	65	76
15	59	56	18	45
48	10	65	28	88
57	18	37	10	95
15	98	47	21	75
41	6	75	2	73
88	39	98	37	49
89	33	29	38	59
56	65	86	69	71
29	80	34	80	78
26	30	99	96	15
23	42	4	37	40
19	83	78	2	73
83	46	81	31	45
48	78	74	36	46
12	81	52	71	46
62	96	3	70	38
39	79	66	18	9
36	35	81	65	63
24	73	55	54	2
38	26	78	68	53
74	36	80	6	44
58	77	88	14	80
5	39	32	39	87
28	49	39	38	85
51	26	11	93	20
95	90	38	99	5
57	76	93	17	71
67	54	52	12	47
69	57	28	21	65
2	91	15	17	55
11	89	59	92	92
64	30	33	81	22
3	97	6	97	50
48	88	35	11	76
20	73	27	61	18
76	98	24	50	97
38	78	25	47	36
37	53	56	94	53
10	42	86	96	60
77	36	34	87	71
97	6	84	85	83
45	43	78	14	13
16	86	81	67	53
15	71	91	55	1
70	44	38	96	56
38	93	94	10	67
79	55	28	54	61
80	11	55	63	48
16	80	14	65	15
75	73	51	6	85
32	49	52	95	64
25	38	66	38	81
73	33	11	17	47
9	99	52	56	14
73	89	73	47	71
48	48	78	45	90
9	88	79	72	68
28	13	81	44	49
21	42	47	85	29
57	82	83	55	72
21	72	62	69	67
18	9	48	75	33
31	34	34	3	81
15	93	83	91	61
45	49	9	5	33
96	21	14	84	50
47	43	52	12	68
36	38	10	73	93
42	66	60	10	74
67	15	75	62	48
59	96	44	39	88
14	51	14	25	74
48	44	52	76	92
26	15	65	82	76
54	63	80	44	25
44	14	2	95	60
95	16	90	78	31
48	40	88	94	91
63	26	93	60	57
10	75	81	82	39
99	23	16	34	79
20	40	89	21	79
81	46	87	90	72
56	7	36	72	91
49	90	63	35	13
73	46	57	86	23
16	3	5	65	64
24	19	2	74	70
98	56	58	51	41
44	1	28	81	35
55	14	9	25	34
9	42	69	82	44
84	77	54	39	47
24	57	64	72	83
88	29	62	50	58
44	45	17	11	80
23	93	1	92	25
64	78	82	37	57
84	69	44	14	56
3	7	19	31	30
71	35	1	32	93
50	71	60	94	96
20	33	82	16	61
54	55	10	15	3
39	14	4	54	99
20	55	83	79	27
80	62	82	54	26
1	31	29	7	8
20	92	76	45	17
95	78	18	87	97
75	36	44	64	27
33	1	65	38	58
42	63	16	8	55
85	1	70	90	35
37	41	46	76	87
64	98	65	10	36
98	77	2	16	11
41	27	42	67	16
96	65	53	46	92
81	67	88	8	8
22	11	56	71	56
15	33	66	77	93
40	68	79	91	21
64	4	56	28	40
19	66	15	84	19
49	14	25	8	5
41	97	61	39	22
17	29	8	97	21
75	63	38	64	20
97	74	24	69	71
6	28	26	69	61
37	11	17	25	96
6	75	20	16	30
63	44	95	94	47
76	51	20	92	74
41	14	46	1	21
2	49	94	89	22
65	41	2	88	48
31	45	14	36	48
88	64	52	54	94
53	23	90	17	46
36	68	62	88	76
25	63	80	57	11
93	41	52	17	53
89	26	55	64	58
43	7	83	17	71
59	42	51	10	77
57	3	83	80	64
96	88	20	32	53
44	20	72	15	80
64	57	64	18	8
64	26	2	61	23
18	67	21	39	15
39	11	34	59	43
2	75	96	91	86
18	55	24	27	14
23	78	8	5	44
64	52	49	18	35
19	19	86	4	87
88	21	13	23	12
28	4	70	8	18
21	37	37	9	39
30	40	23	58	43
41	79	52	19	81
83	20	26	57	73
85	42	72	51	94
35	34	29	8	86
90	87	38	47	3
41	78	38	72	21
78	24	73	71	78
92	3	37	74	84
43	76	93	39	75
4	18	37	16	68
2	71	53	83	77
66	63	51	88	8
83	36	76	75	16
14	72	33	15	75
45	2	87	98	36
43	7	47	92	63
66	82	65	4	16
23	35	71	13	52
21	83	90	99	47
10	7	25	88	58
31	20	25	4	88
26	4	91	77	71
16	66	15	17	28
39	41	49	78	97
44	26	47	25	53
56	10	57	86	55
23	54	86	18	77
86	52	35	62	95
7	1	20	31	66
68	14	63	19	44
66	97	18	31	48
70	78	92	48	27
88	19	62	7	76
94	81	70	80	76
18	22	2	72	27
62	18	24	93	6
19	71	23	79	23
87	54	8	4	96
26	80	97	23	34
23	2	25	22	26
85	71	66	4	33
95	33	71	11	77
4	41	90	21	55
22	48	31	80	28
34	72	92	82	9
21	95	45	70	55
93	12	27	74	82
47	17	73	55	8
44	71	82	3	40
40	79	95	40	30
49	24	38	61	31
23	11	82	26	52
15	66	5	56	45
52	82	17	77	97
90	34	32	67	59
9	31	19	75	65
22	50	52	81	4
80	54	39	43	1
4	79	77	90	72
95	97	52	14	28
32	37	74	42	92
28	96	76	67	66
19	26	1	56	71
83	39	51	23	55
30	71	74	16	70
59	23	37	42	33
27	34	23	42	49
11	34	23	26	28
30	39	15	35	51
14	55	44	24	43
49	49	96	38	42
12	86	56	3	26
85	55	19	95	53
51	61	67	25	51
58	91	32	80	1
95	41	22	7	49
13	39	23	2	3
54	48	95	68	12
86	62	68	84	12
24	32	89	5	90
28	51	3	88	88
15	52	76	9	76
43	71	40	72	80
39	32	6	40	97
54	85	79	82	12
18	70	43	21	31
45	2	19	69	50
83	82	98	66	91
58	32	77	59	87
36	26	76	42	16
32	28	57	90	1
85	29	1	58	43
13	31	27	19	19
89	49	19	62	51
55	88	81	36	2
14	76	3	52	21
81	35	90	78	3
50	90	16	58	49
19	87	20	90	58
54	9	36	86	46
28	95	93	27	41
45	94	80	64	27
67	96	12	21	95
86	78	98	7	48
42	64	26	22	18
25	54	41	88	95
73	2	55	26	93
13	55	23	58	38
44	77	64	55	97
73	35	64	39	14
27	83	93	46	61
33	23	25	63	93
74	28	71	48	77
39	80	48	62	51
64	50	98	82	53
98	51	48	28	37
45	17	4	94	13
49	42	29	53	55
62	54	83	12	32
46	55	56	72	69
94	85	43	96	5
39	2	89	34	43
41	70	28	35	11
57	65	26	41	43
55	74	65	48	55
43	58	86	84	93
57	88	54	55	93
92	30	97	92	79
50	83	69	35	79
75	71	70	92	47
51	76	20	92	31
11	15	60	33	62
44	79	55	19	82
35	96	4	3	44
95	26	48	72	14
93	17	78	56	22
32	21	9	9	89
38	86	39	53	45
8	40	72	90	28
36	27	69	99	43
17	37	27	51	8
72	28	74	51	77
81	93	64	78	61
20	1	17	61	14
39	48	51	27	90
82	19	61	64	52
32	90	78	42	58
50	62	9	96	19
97	83	23	57	22
96	21	19	90	95
95	96	34	75	6
80	56	43	64	98
76	6	26	8	76
52	46	15	61	22
84	10	32	61	12
49	21	46	56	73
26	55	65	20	12
43	78	8	32	11
99	86	44	44	33
92	68	70	3	7
81	36	4	48	35
19	87	62	80	27
25	60	26	23	87
81	84	26	45	37
84	92	41	79	10
50	74	85	30	67
38	54	17	72	82
48	6	90	8	52
94	44	75	6	7
58	80	18	53	5
67	12	22	8	6
83	57	32	71	39
40	85	26	43	93
5	11	39	8	58
41	13	12	96	88
10	31	39	50	28
84	58	97	38	25
43	93	14	52	48
51	73	39	44	39
41	76	30	72	86
57	78	33	64	52
68	91	84	97	3
53	10	23	60	39
99	4	60	27	28
31	29	64	55	18
92	52	1	18	22
35	99	30	60	40
90	69	9	38	5
47	91	93	97	25
32	2	40	92	58
66	54	31	71	97
39	43	55	42	39
38	90	94	61	59
72	90	21	64	16
42	94	32	35	65
51	1	46	30	39
6	92	55	71	73
50	77	15	34	91
87	86	30	25	60
1	35	85	90	51
87	10	96	37	65
80	74	59	10	27
11	4	89	7	98
23	86	81	80	35
71	72	90	18	37
50	26	20	26	25
82	36	43	95	98
30	90	95	74	31
19	48	59	79	79
14	67	77	62	23
44	7	83	62	27
51	62	71	42	89
52	1	33	8	51

