500
10
36	4	25	68	60	12	86	87	84	36
21	19	7	75	14	46	76	25	95	54
87	7	94	96	46	89	99	16	35	76
18	29	97	60	26	80	33	47	70	91
33	71	25	48	29	41	25	1	9	11
68	79	54	26	57	55	64	20	53	51
24	20	78	17	96	97	64	54	52	53
30	84	35	42	58	93	84	31	89	30
44	59	63	61	1	38	11	16	47	38
57	30	9	32	17	55	24	91	38	6
93	43	84	12	89	20	92	72	9	12
53	33	76	15	28	43	96	24	85	39
76	76	88	9	24	3	62	30	15	41
8	33	20	74	97	26	79	28	74	8
10	90	68	99	42	28	7	75	83	56
34	42	15	53	20	29	43	3	8	86
1	94	23	51	17	77	37	93	28	36
6	61	91	51	96	51	20	59	63	33
19	76	85	29	37	94	3	38	43	99
85	87	41	55	7	93	58	5	97	44
47	71	24	49	69	81	65	11	52	86
49	5	15	42	41	7	73	56	65	50
59	82	87	5	24	53	7	91	26	32
15	92	67	3	38	6	45	27	31	51
44	51	27	58	12	94	62	90	72	14
56	3	35	82	9	37	4	63	90	73
20	12	82	93	99	45	61	80	83	71
82	21	47	13	96	51	55	55	10	16
4	58	40	7	28	45	80	65	85	28
65	66	66	92	24	7	71	99	13	83
15	63	51	28	79	88	15	66	59	79
24	46	74	59	68	64	12	45	31	19
52	71	20	15	54	12	47	94	87	70
28	79	3	59	51	15	81	81	5	58
80	84	46	57	65	1	29	76	9	73
75	56	19	26	85	24	21	2	17	99
45	84	27	34	39	89	33	67	52	86
79	72	3	95	58	38	65	19	46	99
33	35	11	95	53	28	92	90	41	64
55	48	20	58	67	3	88	51	87	26
97	93	35	52	62	36	5	54	22	66
38	56	41	88	26	55	69	22	17	47
83	20	4	71	54	42	42	36	33	50
33	19	90	42	94	31	50	77	23	67
37	64	77	47	26	39	90	7	31	48
76	30	10	73	47	72	82	93	75	92
93	11	55	23	50	25	74	96	14	9
50	41	26	92	70	10	45	23	76	61
27	38	28	20	50	16	66	71	71	50
24	93	60	50	91	34	52	37	82	63
84	86	86	86	12	56	71	32	50	93
70	58	37	61	47	67	19	72	29	32
14	63	51	9	41	25	41	1	9	10
45	99	10	27	92	18	8	41	82	56
4	28	31	66	59	40	73	71	40	96
23	45	55	41	48	27	98	48	85	69
66	15	99	51	52	98	55	68	48	54
71	28	1	43	21	9	13	1	70	43
7	44	18	91	76	95	27	43	16	85
80	70	13	7	91	88	22	37	27	96
26	8	21	3	79	68	93	42	34	98
3	67	30	33	29	4	43	79	50	64
29	67	58	17	30	16	96	69	80	34
76	75	65	90	56	50	68	43	89	26
85	75	19	75	39	6	56	76	43	95
87	50	95	29	91	11	51	27	6	54
80	33	44	2	57	8	13	95	7	85
33	51	13	66	5	52	30	95	8	91
29	32	99	76	25	62	66	12	44	32
85	87	29	48	34	14	14	66	58	88
33	99	5	13	93	5	35	30	67	92
22	67	24	93	73	7	50	7	11	82
20	66	56	39	9	58	62	11	69	91
66	32	18	72	64	24	32	90	79	79
91	76	45	90	22	54	13	95	20	26
26	34	66	11	91	39	17	43	71	87
68	89	58	98	55	49	35	46	71	40
38	9	29	71	38	63	43	71	87	98
52	7	29	34	30	17	87	1	59	38
80	86	75	37	25	26	91	4	82	56
74	26	5	69	99	96	92	83	94	48
53	80	70	79	92	53	21	12	13	51
37	44	60	35	15	3	84	76	22	78
96	53	3	90	4	74	57	14	5	15
87	38	67	61	73	52	33	2	29	58
2	32	36	86	65	21	58	91	65	32
35	81	8	59	39	45	93	87	7	56
11	46	16	14	24	91	7	78	27	70
85	1	84	90	93	22	53	56	41	51
4	53	92	3	36	22	87	3	87	2
15	26	81	38	46	12	91	67	32	1
78	83	36	34	56	98	54	55	6	7
83	24	93	84	75	34	8	22	46	91
47	35	35	26	16	26	65	33	30	34
80	82	92	42	28	49	6	53	22	64
70	2	37	59	66	27	75	25	21	53
41	63	68	81	55	48	19	36	79	39
68	44	98	99	58	62	12	11	11	59
8	45	54	90	16	33	82	25	46	70
25	26	41	9	97	98	70	77	23	88
79	3	18	30	51	40	14	68	42	33
17	66	50	83	82	71	74	23	91	81
20	63	52	83	89	30	10	20	74	80
18	37	63	17	78	12	90	75	63	54
76	47	98	19	22	90	39	42	48	69
11	23	30	41	75	64	45	11	61	2
37	98	23	8	60	48	36	94	70	53
50	2	3	91	24	63	89	61	58	33
20	7	73	26	82	94	82	76	12	62
53	48	17	61	27	11	61	11	61	23
77	49	57	18	60	75	34	1	57	78
3	27	22	31	71	5	99	18	45	1
69	36	60	12	43	70	76	27	31	47
70	10	18	63	46	25	13	97	62	35
92	17	67	35	67	57	64	35	68	15
23	22	9	94	24	38	69	63	9	12
29	75	61	88	26	82	32	67	81	13
75	71	75	78	99	99	3	99	69	18
53	19	2	76	15	43	16	86	92	62
63	33	1	56	49	82	69	67	17	45
47	68	89	6	12	54	13	83	70	62
1	82	54	38	56	72	81	69	89	15
67	4	86	89	43	72	32	39	9	94
43	37	62	10	40	27	17	63	43	19
86	62	23	65	34	58	52	35	71	24
20	89	40	1	63	91	81	13	42	72
96	62	33	70	11	55	9	66	59	30
19	7	8	41	28	7	42	7	64	35
57	14	49	47	75	50	29	97	32	27
45	26	81	85	77	1	98	9	84	48
73	69	92	26	1	99	14	22	18	15
86	80	73	8	92	46	1	76	77	22
37	94	73	97	4	18	35	3	54	10
99	2	28	58	37	94	63	61	35	85
9	66	55	43	3	77	40	59	25	88
98	34	53	45	63	70	30	37	76	32
69	81	78	90	19	4	52	45	42	96
23	74	49	94	69	76	70	67	14	17
61	68	49	30	28	72	10	86	49	47
9	31	80	54	61	71	98	56	56	27
72	91	94	92	59	57	64	18	79	44
76	90	58	92	47	66	22	42	91	64
71	10	7	37	24	66	10	56	59	68
9	61	99	19	29	60	75	23	17	68
11	7	29	5	16	70	27	77	85	57
20	72	77	83	90	85	5	17	30	99
53	35	12	62	91	43	94	62	71	50
17	41	99	91	67	38	61	68	15	7
30	78	38	75	81	49	79	19	21	12
62	19	79	71	46	60	86	98	53	84
53	24	31	72	75	28	13	47	3	67
43	45	46	72	86	8	43	51	28	91
2	8	40	78	93	86	54	14	60	83
87	39	36	98	28	6	59	45	7	54
51	5	46	53	78	26	81	25	42	99
4	20	92	40	24	92	56	81	25	98
23	79	17	16	51	55	66	35	77	11
12	8	69	36	99	43	15	94	40	76
51	46	67	32	31	12	52	3	8	7
96	10	16	17	12	55	57	11	51	51
31	83	30	71	68	3	64	27	61	10
80	56	55	26	14	48	77	72	83	7
35	75	98	43	1	87	19	72	8	9
83	26	84	63	41	82	40	65	79	89
38	76	42	98	24	38	95	47	37	42
48	35	83	10	18	9	71	84	95	97
4	63	56	45	22	47	35	30	47	4
84	62	28	70	27	72	55	78	61	66
20	14	40	24	99	52	98	53	11	96
80	49	11	69	31	44	80	69	53	71
92	16	66	30	54	20	29	38	43	32
23	9	18	16	76	57	79	77	30	74
79	49	47	63	9	68	65	67	49	39
1	85	44	58	32	96	97	29	40	6
67	61	18	86	52	96	37	94	73	35
64	27	63	22	71	68	19	61	95	45
99	98	22	13	92	94	81	4	43	8
70	36	73	60	96	94	3	95	7	76
46	32	59	83	63	87	59	96	80	95
42	83	74	69	80	66	6	99	19	59
15	34	88	18	22	13	33	12	12	29
3	13	46	73	37	19	79	83	70	54
10	39	13	21	20	9	31	54	9	87
19	17	21	83	92	32	38	15	50	40
14	81	23	15	88	21	82	57	11	35
52	84	3	15	5	79	3	91	96	71
95	46	99	20	31	74	80	46	61	62
29	50	93	2	91	69	62	46	59	99
16	63	13	9	39	83	38	43	48	53
4	81	56	4	88	1	98	94	65	23
78	44	59	1	51	27	22	82	54	42
28	56	7	66	2	39	9	21	7	23
48	44	58	10	62	19	83	50	3	69
81	81	68	62	25	80	15	16	47	93
88	96	49	86	42	56	31	16	97	41
77	8	64	37	64	61	74	16	43	85
5	51	94	81	92	13	23	3	69	98
67	64	35	65	56	18	6	10	46	38
98	45	81	57	38	37	98	47	22	22
51	41	94	41	59	33	54	44	84	53
37	34	75	27	86	29	42	56	86	65
57	79	34	90	92	72	80	87	55	82
73	83	32	82	86	97	95	97	99	11
26	16	82	33	37	86	88	14	17	38
76	58	94	23	34	64	36	50	38	78
91	13	20	40	66	74	84	98	48	76
42	56	36	98	39	69	80	70	61	95
24	55	30	34	71	3	38	23	68	30
79	14	82	48	73	15	47	68	48	21
82	65	45	16	54	3	18	11	96	84
81	79	65	85	56	67	91	55	43	21
99	91	47	4	77	31	15	10	19	31
89	62	49	50	2	39	71	14	39	28
5	55	36	84	40	20	41	33	80	67
2	59	65	6	20	10	33	37	3	16
2	21	67	26	57	19	31	35	2	5
42	1	71	20	43	16	37	86	99	86
67	11	34	80	29	77	5	57	4	87
75	51	94	52	53	22	36	28	90	25
63	84	94	59	74	75	36	83	71	38
96	51	8	64	27	98	11	79	31	16
83	18	30	85	76	78	32	3	96	33
63	71	64	11	94	74	94	68	36	77
52	43	65	25	31	30	63	82	75	47
9	37	1	77	76	23	2	72	17	70
83	68	42	77	45	63	26	76	25	27
24	37	41	37	52	59	88	44	24	23
36	39	50	42	30	39	38	11	37	88
67	43	63	89	7	23	49	41	32	40
32	31	87	79	38	33	96	87	72	57
4	63	72	2	31	64	12	57	40	14
94	71	84	1	17	31	97	58	13	6
21	68	93	93	23	11	9	27	32	58
33	86	69	48	49	45	32	39	53	73
72	65	25	82	24	95	65	77	50	8
33	82	58	65	94	23	78	23	2	97
67	78	71	33	34	1	95	29	74	62
73	74	25	52	72	2	49	36	94	13
24	93	57	73	20	95	4	18	67	89
37	7	43	92	16	85	58	42	96	44
59	33	54	65	6	1	25	76	19	50
8	3	27	81	54	38	38	17	85	24
17	1	75	36	96	90	79	32	33	63
47	34	18	49	37	21	44	28	65	73
63	54	16	41	44	51	47	90	39	36
28	8	97	3	45	50	50	45	48	59
98	87	91	25	97	33	16	6	56	85
4	25	96	25	34	43	24	25	66	50
57	83	12	40	80	40	76	69	63	68
8	57	89	63	62	58	40	74	61	52
78	59	26	46	4	33	61	98	40	25
94	3	6	1	49	71	61	63	84	81
82	46	91	98	1	89	66	62	92	82
72	24	9	69	40	91	71	80	78	64
16	99	76	56	63	8	7	86	81	29
35	3	49	25	45	84	87	32	41	20
39	45	4	21	32	91	20	74	77	15
59	12	72	68	88	56	78	34	55	68
45	89	23	58	23	36	88	32	70	11
83	88	68	54	39	10	65	89	6	20
41	19	1	48	80	25	32	52	38	35
60	77	96	95	76	8	94	71	78	60
52	41	66	7	7	13	82	25	12	15
59	52	26	64	58	65	84	29	15	29
99	93	62	94	53	52	7	87	36	27
11	90	98	1	87	15	44	79	96	87
71	47	63	9	69	28	31	22	57	18
4	50	16	1	89	43	57	77	39	29
85	2	18	99	3	88	73	21	55	6
2	24	53	94	21	34	50	87	86	44
96	50	93	77	7	96	15	56	98	40
97	80	51	53	65	67	76	26	36	98
34	94	31	48	34	43	1	81	24	29
67	40	73	30	36	12	35	89	19	34
19	38	44	88	81	85	73	62	95	16
95	35	30	77	23	9	9	86	25	47
58	46	96	14	25	55	84	53	21	97
48	34	58	27	79	11	91	17	32	30
69	10	72	2	64	62	70	74	49	70
5	74	10	16	99	80	59	13	40	23
72	5	57	76	59	23	81	89	84	26
42	56	44	29	75	14	65	8	67	77
55	52	73	81	8	69	74	38	76	59
45	69	85	18	84	68	64	51	78	81
89	3	28	14	77	73	5	53	16	42
23	40	61	54	51	16	15	90	73	23
54	26	63	10	21	97	45	26	28	20
7	29	2	44	20	26	73	76	52	58
67	24	83	17	24	23	49	67	59	63
40	81	75	81	51	50	53	64	12	98
73	37	73	40	48	13	84	85	85	44
34	93	78	40	61	6	46	48	63	40
19	46	66	36	19	84	8	85	40	82
80	15	75	62	65	97	32	58	93	42
7	12	66	20	60	1	19	87	68	20
11	74	99	12	35	83	32	91	16	14
69	74	43	84	10	94	34	39	38	80
42	29	53	83	51	9	33	10	60	14
75	50	65	27	18	68	14	5	75	83
24	86	49	80	65	63	78	90	16	13
79	12	84	98	26	33	73	34	27	96
52	50	20	67	34	51	35	21	38	33
51	70	69	37	60	92	24	40	59	30
12	50	53	91	27	58	66	44	41	55
53	47	92	31	11	76	81	12	98	40
8	72	5	13	42	63	62	32	78	31
16	96	1	46	76	2	9	22	60	58
21	46	54	64	34	33	94	67	64	77
62	9	78	54	26	99	3	88	21	38
99	13	99	99	2	87	36	78	79	26
31	85	8	35	31	68	85	61	8	96
22	20	7	92	66	2	42	9	57	17
30	59	81	61	41	40	21	99	95	68
67	94	15	29	1	6	14	30	58	26
24	31	32	12	5	42	1	57	45	81
43	80	3	93	72	38	7	13	13	93
56	80	7	85	5	83	34	97	9	69
70	77	52	48	71	10	42	59	25	2
22	80	95	74	4	44	24	66	56	41
97	90	34	90	99	41	79	49	6	32
19	7	4	92	14	40	97	43	62	3
33	23	23	97	63	38	49	65	44	41
34	59	22	84	82	50	11	52	31	88
4	57	75	45	3	50	10	35	50	54
4	26	71	32	45	45	42	55	99	64
87	64	33	29	46	10	83	74	39	94
29	37	32	56	33	27	29	79	90	62
46	2	13	59	96	9	97	37	96	3
19	94	65	87	31	54	67	76	67	5
92	51	90	38	30	13	81	99	67	99
56	39	90	18	85	15	35	28	10	45
13	57	72	81	73	61	19	21	92	69
28	42	88	43	94	68	14	98	53	49
64	42	95	85	20	12	38	87	75	69
66	48	30	50	42	36	55	39	53	47
14	42	93	63	44	49	21	60	7	49
66	84	4	49	66	12	35	91	4	35
48	48	38	35	93	72	56	52	28	8
78	33	38	47	74	72	18	27	26	86
88	2	1	14	85	39	85	50	37	22
54	10	57	73	9	31	35	22	8	55
63	37	54	75	37	29	61	93	49	16
94	47	84	17	16	46	66	79	59	24
17	26	42	71	34	79	60	4	72	25
39	46	84	63	25	99	34	14	29	24
35	38	94	79	42	48	92	53	39	7
6	21	25	45	46	54	22	41	87	93
98	57	77	44	64	85	43	93	93	91
96	51	58	51	58	11	12	86	13	49
66	27	22	20	57	3	2	28	23	11
72	72	46	98	24	89	27	84	96	97
76	99	61	43	92	19	68	49	65	94
91	81	93	79	84	13	38	16	32	35
85	29	80	66	18	16	74	10	20	74
64	94	19	78	87	18	98	70	11	74
27	48	99	16	49	54	35	43	20	49
6	86	3	78	45	92	83	89	25	97
22	94	65	25	11	52	99	45	41	65
31	87	71	4	21	19	38	23	87	74
69	50	74	5	69	39	10	45	60	31
16	22	13	82	93	96	54	72	60	35
30	33	69	82	90	54	56	46	34	23
94	63	7	34	69	39	98	80	85	20
20	51	34	66	22	73	4	36	96	22
84	53	14	31	21	54	17	92	36	70
95	12	5	20	43	97	96	96	7	3
92	82	12	55	82	42	86	77	92	89
31	54	94	49	41	31	86	26	51	67
47	7	39	65	44	30	73	47	19	21
93	71	36	14	68	42	29	34	50	59
81	95	46	16	79	37	96	9	10	69
82	74	30	44	54	43	1	47	72	34
67	67	74	55	64	49	97	34	41	96
41	30	51	66	56	11	41	35	9	45
88	57	72	70	46	50	38	42	40	97
72	36	37	98	79	20	47	50	85	85
70	5	9	41	44	75	53	28	18	37
7	33	66	44	54	30	18	73	16	92
35	19	30	52	5	73	16	18	8	63
35	85	75	97	9	28	55	66	57	1
12	41	48	54	84	58	21	55	3	47
25	43	95	15	37	81	78	9	60	45
43	5	95	71	98	10	53	85	73	15
77	12	39	60	6	46	98	91	35	2
45	47	32	82	98	28	46	89	60	50
27	83	82	24	57	99	90	83	7	63
80	75	63	51	82	8	62	30	25	22
67	16	18	12	68	64	23	57	13	46
12	91	41	12	46	80	50	70	66	52
63	72	27	88	1	21	98	15	49	94
94	86	13	73	59	66	74	28	48	43
5	16	58	71	30	18	42	62	88	3
41	32	91	4	12	64	25	93	47	3
24	83	89	49	95	17	68	73	86	2
68	44	2	23	28	25	78	44	1	57
90	91	70	2	74	58	85	2	42	2
97	41	43	91	98	55	26	99	1	42
66	43	19	15	50	16	21	87	19	54
15	29	27	83	87	97	20	71	84	85
19	63	43	97	78	10	58	65	4	40
55	97	68	21	42	81	35	78	71	3
91	70	51	47	76	28	20	23	23	2
99	65	32	80	85	64	54	27	76	34
12	90	78	68	92	64	66	13	89	33
73	4	93	24	68	8	92	68	60	25
52	75	35	54	30	82	26	65	10	16
24	38	15	42	32	6	82	93	29	66
46	42	39	37	87	19	57	43	51	31
65	7	89	76	23	10	47	39	92	90
48	27	17	55	80	77	42	42	72	82
19	12	51	82	26	71	8	30	38	5
35	45	46	65	3	57	77	24	73	90
19	69	58	70	92	11	62	87	7	49
67	78	77	30	56	66	46	46	20	89
99	66	64	69	67	99	69	69	58	82
99	2	81	40	22	77	20	54	66	26
11	81	74	33	21	96	98	5	71	34
50	76	31	33	36	22	74	30	70	7
34	67	34	75	85	91	91	25	66	43
66	98	43	81	79	77	97	99	92	85
74	52	81	46	72	82	7	99	6	19
64	63	79	43	34	13	69	1	19	73
8	6	74	50	27	84	59	54	16	75
18	11	80	89	54	67	72	64	31	84
77	84	76	32	97	2	12	57	38	29
92	72	71	19	67	5	61	25	78	63
85	90	41	55	37	34	88	9	7	5
43	84	12	26	87	94	88	47	28	54
63	75	71	18	95	1	80	52	26	96
70	17	67	87	19	47	21	24	25	71
13	3	37	74	42	30	64	17	19	64
18	87	34	52	35	4	81	81	86	83
28	19	16	95	70	17	38	79	93	69
77	47	26	81	59	10	50	70	65	40
94	73	76	52	79	27	11	41	18	65
47	13	92	15	99	73	48	13	10	29
77	8	7	89	34	85	21	74	92	2
4	56	85	43	66	55	18	28	36	51
12	65	54	33	66	75	42	33	71	21
17	82	43	26	75	9	64	19	39	38
84	98	31	40	28	43	68	82	24	94
72	78	19	48	55	26	7	33	74	29
69	10	39	87	2	3	81	19	97	47
45	2	73	10	72	88	60	29	67	80
51	68	31	45	93	36	81	5	78	57
33	15	65	73	21	75	32	98	77	87
14	82	18	64	54	31	15	4	12	9
99	73	1	33	40	69	21	46	45	27
49	57	16	8	7	53	89	44	13	81
36	66	83	11	32	96	11	20	47	89
97	30	5	11	73	7	42	8	36	42
35	5	7	4	91	25	24	37	63	81
80	57	11	52	71	34	34	54	32	91
94	74	86	8	48	53	72	47	84	81
38	35	38	84	43	57	11	75	30	1
25	58	47	81	54	45	56	22	45	42
80	10	70	38	91	4	68	41	50	73
18	76	10	85	54	40	88	56	14	34
90	32	4	33	33	49	99	83	33	28
63	67	77	64	17	77	2	49	97	26
55	42	8	1	47	60	66	30	17	99
44	54	83	70	83	80	98	72	21	70
93	39	74	74	74	69	69	15	78	15
48	41	24	87	83	92	44	93	57	97
68	11	76	79	78	99	32	91	12	53
53	91	61	65	54	86	67	65	56	86
15	63	33	84	58	17	23	75	22	26
79	26	3	15	10	11	86	41	83	13
4	24	58	83	81	19	21	38	60	7
95	70	37	20	24	6	69	13	43	69
95	31	52	98	75	96	30	62	28	6
19	22	75	8	96	90	98	1	20	57
58	36	34	88	19	52	31	49	58	78
58	44	12	58	65	28	96	13	70	69
9	7	52	55	23	2	71	74	54	7
31	61	53	8	4	19	58	46	13	74
37	20	92	54	80	24	83	96	82	26
26	99	99	40	76	38	30	58	89	44
54	99	56	39	40	34	98	2	31	76
69	91	68	81	54	7	8	14	83	9
15	46	30	72	26	80	72	79	81	53
75	52	26	14	83	67	42	39	77	97
81	73	90	64	89	83	33	84	39	42
66	96	58	99	8	24	51	85	81	90
21	16	1	54	4	37	2	10	23	52
27	95	60	39	91	55	36	41	71	42
87	33	37	41	30	33	58	41	77	93
19	64	83	69	77	88	24	94	72	34
33	61	96	34	85	87	24	73	33	65
64	26	62	58	48	81	24	19	27	85
20	39	3	22	17	22	81	55	12	12
70	33	24	57	97	91	39	92	33	11
26	16	62	95	15	71	71	86	58	10
68	58	73	57	90	33	4	13	19	32
5	92	55	23	16	34	84	58	64	17
10	53	30	20	28	40	1	45	29	24
49	13	20	16	94	40	20	84	93	40
38	44	87	26	65	68	77	35	37	25
25	64	14	45	2	60	51	85	79	56
90	89	57	37	84	58	72	86	16	45

