500
10
3	7	2	7	3	65	72	74	37	39
94	25	4	65	50	83	6	53	13	63
39	58	77	9	40	85	6	6	97	87
10	38	40	30	99	52	43	11	98	30
2	62	9	75	69	19	62	29	79	8
66	91	13	3	28	65	89	39	86	86
26	40	19	79	92	52	2	99	90	71
6	17	80	92	41	98	66	41	1	42
83	22	91	65	26	52	17	33	59	27
12	22	95	68	54	81	28	48	67	83
16	18	63	32	81	9	88	7	26	16
52	79	28	68	87	29	89	34	59	80
89	11	83	53	28	73	82	30	23	64
65	76	73	59	18	45	31	57	47	29
48	4	75	33	28	81	30	97	27	63
69	61	93	29	62	95	96	64	8	32
11	51	97	91	12	3	53	30	92	41
39	30	91	20	38	38	98	80	34	77
51	26	3	25	68	56	77	71	45	12
46	55	89	15	2	70	61	32	98	93
50	13	48	65	55	32	66	64	56	97
98	35	35	35	10	4	26	4	42	61
32	65	76	37	65	26	43	49	95	89
91	53	68	68	81	1	49	81	32	44
65	82	76	49	29	15	43	65	97	73
29	69	10	39	11	91	12	15	82	92
48	28	81	68	12	87	17	65	23	4
14	93	25	11	99	97	92	63	38	84
83	37	96	48	59	97	12	1	31	72
20	32	6	60	22	45	96	66	54	44
78	51	17	1	2	36	45	17	69	98
22	4	43	24	51	76	22	62	59	35
89	38	30	76	96	70	41	36	24	69
15	7	90	9	43	53	86	54	69	4
85	28	91	63	26	36	13	73	20	37
60	22	94	69	67	86	62	90	87	60
93	77	83	4	32	52	44	34	12	85
18	71	67	77	26	18	10	97	92	70
6	52	64	72	82	74	73	71	48	30
36	46	17	38	1	31	3	88	59	26
7	5	9	51	96	69	54	36	15	34
99	17	15	73	43	79	24	88	50	61
41	48	94	83	39	67	56	12	41	55
36	71	49	46	85	19	21	11	33	10
81	43	51	23	19	77	33	86	90	72
61	15	64	15	70	37	17	49	37	45
72	59	30	55	71	93	50	90	57	63
59	85	69	12	59	13	68	48	11	18
90	31	18	13	86	34	44	74	89	30
53	76	95	41	65	11	39	19	27	54
5	63	57	43	24	89	87	31	32	71
85	6	53	70	26	92	69	21	58	33
81	71	33	92	92	11	23	69	94	12
65	10	49	75	36	57	14	73	19	89
81	83	58	10	19	96	46	81	32	82
74	50	94	60	18	15	29	49	6	34
62	55	13	61	69	25	80	4	10	8
96	6	73	37	9	91	32	68	21	23
54	90	20	69	14	89	70	23	31	67
63	17	39	45	58	42	42	78	65	84
32	7	83	23	99	28	55	86	45	16
49	35	95	93	88	32	75	3	34	66
76	84	68	26	40	71	24	95	70	90
85	85	53	80	32	21	34	48	5	71
70	88	32	54	95	42	87	28	9	48
13	73	14	79	5	75	71	8	9	45
28	5	37	56	35	90	80	66	41	99
87	93	10	2	47	5	37	72	34	14
64	14	68	88	90	6	35	77	27	74
90	13	41	42	63	37	90	80	35	59
84	4	26	56	42	19	42	75	51	46
31	70	90	25	77	3	38	50	44	62
3	74	3	97	8	2	45	32	53	72
87	6	92	21	15	27	60	60	43	97
89	31	95	72	30	29	39	24	92	30
77	74	66	73	60	23	93	40	86	53
31	8	14	69	50	91	92	92	4	30
79	34	61	60	17	10	35	23	30	47
72	74	73	79	14	61	47	22	38	79
89	99	18	14	82	18	57	70	77	41
48	64	31	99	80	31	63	74	93	73
94	35	10	5	55	33	46	48	26	81
59	84	87	4	34	18	68	84	27	22
20	49	84	73	37	45	14	84	82	37
16	97	29	49	6	35	31	5	65	23
35	87	61	66	47	6	30	51	11	92
44	38	84	81	48	58	86	10	69	17
57	13	46	74	31	91	82	45	5	28
62	71	33	33	57	44	24	9	9	73
73	81	41	14	19	18	89	75	33	15
36	83	32	76	72	79	57	43	60	19
79	16	45	66	4	73	68	44	83	76
79	37	35	78	86	1	16	2	21	5
83	58	61	24	61	68	93	17	85	27
40	83	33	8	43	37	80	90	79	7
35	97	52	6	74	35	74	95	91	69
69	55	8	66	54	98	72	61	73	62
75	79	93	58	22	49	9	42	43	26
71	53	58	48	86	96	95	3	47	19
88	90	96	96	68	98	45	70	7	60
92	93	92	31	95	82	83	38	45	81
13	86	55	9	64	58	40	62	90	58
40	58	12	79	69	16	32	20	5	24
67	16	88	59	46	80	90	96	49	25
27	87	75	12	94	29	13	84	76	78
88	65	24	81	79	57	88	1	54	43
27	88	24	53	60	94	74	75	69	73
89	29	53	96	65	62	67	22	2	83
45	43	75	89	3	67	63	5	19	84
24	25	5	12	45	73	4	63	39	59
89	52	27	57	44	31	70	60	80	34
45	24	75	99	31	90	87	50	98	89
9	80	16	55	15	19	72	97	18	1
90	61	30	28	25	34	38	19	94	7
98	28	78	26	75	10	48	47	77	21
44	4	70	26	69	74	91	55	76	93
26	24	1	22	15	52	60	7	73	51
19	53	5	24	27	86	31	82	79	7
71	62	55	1	55	82	99	87	15	23
29	65	17	75	13	29	52	20	83	61
98	82	56	64	30	9	8	64	4	81
70	3	73	13	44	34	91	29	7	69
62	9	58	94	98	59	5	36	95	84
49	46	79	95	45	13	59	20	3	47
27	80	74	15	1	77	92	80	13	92
28	7	93	3	91	78	25	26	90	26
49	52	40	30	50	54	42	2	21	85
45	19	53	76	21	51	2	45	73	98
90	59	15	18	90	77	68	2	56	38
98	96	33	66	26	83	89	50	15	25
49	29	75	15	29	51	23	63	92	90
82	19	42	10	30	51	3	26	70	43
25	32	56	10	64	27	45	78	5	16
73	36	95	51	76	73	94	58	30	8
54	2	59	59	18	18	53	85	17	99
52	16	56	56	93	79	91	26	77	50
25	67	96	88	52	71	46	80	20	98
80	11	20	63	11	85	34	52	35	40
30	16	41	34	16	22	54	90	81	10
86	21	77	33	99	24	28	13	82	31
70	81	81	98	10	3	9	98	65	6
12	16	56	41	6	33	48	69	10	63
5	69	57	98	56	54	54	49	30	20
69	40	75	99	18	49	12	5	90	17
49	65	59	3	56	65	58	88	74	5
45	71	30	87	79	59	52	7	8	12
9	27	75	29	48	39	27	82	38	88
50	23	83	19	25	35	21	25	4	37
31	16	72	46	86	29	84	46	60	64
8	61	52	43	29	51	19	92	34	44
1	19	35	22	2	2	91	3	49	87
59	70	92	51	46	90	17	10	43	26
56	52	20	93	28	93	37	49	88	97
15	8	95	21	24	58	85	31	23	91
67	28	40	90	37	58	76	80	4	37
87	11	7	64	50	16	72	89	56	84
64	6	55	44	64	33	26	43	52	64
95	29	31	21	7	56	10	44	42	7
16	87	18	58	14	10	58	84	61	52
73	93	68	2	90	7	27	89	3	34
58	34	71	47	57	49	13	23	98	19
40	23	20	16	85	78	59	42	78	61
32	20	45	60	10	83	42	63	91	21
69	76	34	32	25	49	72	66	48	96
5	8	9	18	49	97	71	39	63	88
41	15	4	56	11	73	94	88	80	41
76	77	54	33	50	14	39	78	65	52
77	88	24	82	51	92	77	53	41	63
74	41	34	80	14	1	3	4	64	70
7	57	43	13	96	27	12	76	94	28
33	54	24	72	15	22	23	56	41	85
18	20	43	6	52	73	83	97	44	80
13	73	96	7	75	96	20	93	65	88
8	29	49	52	41	33	71	96	6	57
29	91	78	70	84	79	48	59	63	9
45	52	56	18	34	40	81	77	88	67
81	51	65	71	48	27	62	62	33	10
46	96	59	56	58	19	49	28	33	60
18	32	65	73	84	85	41	88	61	31
55	70	3	91	38	63	11	19	98	44
22	17	46	95	98	15	75	80	72	70
69	45	51	20	89	45	23	88	4	23
28	75	97	54	19	46	94	79	53	41
5	7	93	10	8	35	74	63	16	73
9	46	18	72	82	21	64	14	13	75
65	69	54	26	36	5	17	20	77	43
42	95	81	29	97	16	81	82	51	12
57	52	84	52	93	11	83	94	52	15
25	83	79	21	86	94	98	46	87	79
29	1	51	95	91	79	2	36	42	4
30	40	21	12	75	15	67	21	10	30
90	91	17	2	57	47	95	50	43	94
81	46	38	70	12	19	51	62	27	73
13	47	62	9	45	42	93	60	14	26
84	8	91	7	6	31	41	16	91	34
86	39	79	47	56	1	99	93	12	97
13	42	41	42	68	14	36	89	67	22
7	45	84	17	34	26	95	17	32	28
60	87	12	90	45	43	10	29	30	57
3	81	31	58	53	40	90	39	63	69
72	46	86	83	91	58	92	38	40	49
9	77	93	18	62	85	31	90	46	75
33	17	12	43	45	33	39	11	21	57
43	65	20	95	98	6	85	35	46	60
48	25	71	75	91	87	33	35	93	18
63	6	96	21	50	57	22	2	78	88
98	67	45	76	25	87	61	45	3	14
90	98	81	90	95	4	39	87	12	86
93	96	69	8	33	87	44	69	83	5
4	81	51	33	18	48	30	83	96	23
45	71	69	57	19	29	21	55	50	14
82	11	40	58	61	15	71	49	1	70
37	95	3	42	76	76	21	66	45	73
50	39	44	80	10	32	52	99	34	70
97	14	71	71	62	75	9	51	76	9
26	22	30	81	43	56	75	65	55	34
56	84	89	75	30	78	25	6	85	22
71	49	92	28	95	39	76	72	31	98
82	63	38	3	14	56	56	96	54	83
61	46	65	44	27	63	24	1	40	89
69	83	91	94	90	56	62	59	98	91
37	67	78	58	48	75	39	93	91	43
8	49	41	47	84	15	18	88	4	25
10	81	33	4	3	3	44	85	73	87
12	80	7	87	98	30	99	15	75	12
23	86	21	74	77	44	54	2	8	54
67	47	17	38	17	87	95	59	8	29
1	54	64	53	49	79	66	41	26	16
71	29	61	67	94	84	98	85	26	58
37	81	8	21	88	84	50	69	73	20
99	9	5	70	2	50	85	24	34	64
88	81	82	84	31	76	64	47	68	18
87	62	20	83	42	25	41	99	51	25
36	43	2	16	22	91	50	15	76	95
80	11	39	7	32	57	26	44	71	92
73	37	13	78	74	75	78	94	29	16
35	67	39	64	72	17	54	69	10	94
2	90	47	38	37	13	21	67	27	94
96	69	50	99	96	38	47	84	90	30
61	5	1	17	45	86	76	50	27	62
56	87	68	45	38	86	14	23	84	25
70	93	50	40	49	76	28	94	50	35
68	99	89	29	11	85	73	24	94	68
33	14	41	79	13	23	56	87	12	40
12	96	25	17	7	47	42	83	43	77
43	72	14	95	35	46	24	10	87	67
38	81	98	74	43	59	63	27	35	17
64	46	58	82	42	25	34	66	89	46
81	89	39	26	46	49	35	37	92	21
57	30	4	53	91	98	77	3	87	91
27	44	60	78	84	98	28	43	96	58
51	73	8	82	99	43	71	18	98	8
93	34	34	30	96	94	37	51	5	82
61	4	55	55	63	12	43	39	63	85
92	82	80	66	87	79	22	35	16	7
67	81	71	50	84	88	53	62	18	50
53	95	23	76	46	44	44	17	78	77
39	8	19	16	2	84	95	45	54	88
24	12	47	60	28	97	50	58	7	46
85	32	75	44	59	19	3	18	44	79
11	75	70	87	62	76	56	48	38	41
8	76	35	4	80	73	81	27	15	99
44	66	65	25	72	35	37	73	33	10
47	95	36	20	14	62	60	70	64	25
54	83	24	69	36	20	50	11	81	22
40	65	76	87	77	35	68	48	77	11
11	60	87	84	25	82	56	60	95	6
19	40	32	26	86	13	19	13	15	67
99	70	93	20	80	92	52	89	51	83
81	17	16	22	21	30	46	24	16	63
82	67	96	8	9	41	69	57	37	96
32	45	31	10	8	98	32	84	79	81
2	58	9	65	19	77	46	80	21	54
87	84	68	62	26	76	57	75	41	58
59	18	47	72	54	58	30	6	47	67
55	65	48	9	64	8	60	6	43	15
16	73	97	30	9	12	56	82	31	22
58	40	32	52	8	16	16	33	45	68
18	37	84	21	91	7	64	75	12	87
20	33	48	37	68	88	87	37	86	38
96	7	43	84	60	22	78	95	46	98
14	35	71	45	93	5	80	11	91	31
28	9	82	18	37	15	29	38	80	41
80	68	4	46	94	97	70	78	47	55
37	55	38	5	16	69	83	50	12	76
17	73	97	5	28	28	59	94	68	19
90	59	83	94	13	79	48	69	64	3
39	53	68	94	85	32	20	37	71	12
7	7	36	93	49	34	19	98	85	45
78	63	32	16	69	66	52	88	41	59
65	42	65	45	32	81	94	22	88	82
3	86	5	82	24	77	20	63	67	19
20	14	6	25	55	60	63	77	39	11
14	60	51	36	66	32	60	2	81	84
10	87	72	54	35	76	7	2	92	90
17	24	36	28	51	86	8	75	20	52
29	65	18	15	83	93	33	76	81	4
53	15	28	85	99	12	58	57	86	13
26	9	57	79	3	21	70	85	88	42
56	45	89	34	47	48	69	4	23	34
13	10	73	24	42	7	10	83	55	87
37	66	10	25	36	69	62	41	46	73
86	5	93	46	64	60	28	18	51	13
67	74	59	99	97	66	30	7	26	3
85	73	66	82	56	11	84	4	67	20
38	61	24	32	76	92	99	46	75	2
88	34	7	63	78	84	49	62	7	99
14	89	74	7	94	52	61	43	87	27
65	23	86	15	46	1	56	70	82	28
90	77	44	58	96	70	45	60	59	18
67	34	95	34	28	38	52	62	54	69
29	24	32	69	56	88	21	88	66	13
80	51	57	82	86	60	50	10	18	70
79	24	33	89	83	6	92	42	54	1
39	42	26	95	31	39	13	59	78	92
44	65	67	63	75	16	33	37	38	37
92	54	6	6	54	67	30	57	21	44
46	33	60	66	3	29	38	73	97	77
43	98	60	81	59	60	71	77	66	91
72	34	88	93	41	34	14	23	81	23
75	6	85	52	5	43	74	43	45	34
87	43	54	74	80	22	61	31	88	68
48	75	55	91	52	14	98	49	5	37
85	25	75	46	39	71	18	40	55	19
32	24	3	7	62	78	10	77	42	29
44	11	72	84	42	44	78	84	72	95
60	67	3	34	36	30	39	92	97	93
71	33	60	88	53	54	66	59	80	37
67	24	3	69	97	42	74	48	42	49
40	23	28	56	3	73	42	62	29	35
65	47	17	56	16	50	89	1	2	72
24	52	56	91	10	94	24	61	10	18
56	32	87	86	44	69	32	48	65	6
31	97	91	57	39	66	27	72	39	93
42	17	38	7	29	99	39	82	59	58
32	37	57	4	37	54	52	53	76	71
66	98	97	89	86	39	99	10	49	58
68	60	48	70	61	67	11	27	30	66
80	55	92	88	48	19	38	86	82	5
98	10	48	99	67	6	96	50	88	85
36	39	81	60	73	64	98	62	63	19
3	53	2	47	51	91	22	71	78	29
28	94	72	4	9	5	39	75	11	15
13	46	68	37	66	14	19	12	4	46
47	79	53	20	53	48	52	13	28	76
49	50	27	81	30	71	84	91	84	48
23	12	75	60	97	77	86	1	8	84
49	30	23	72	87	67	1	83	57	97
36	76	68	87	19	22	15	99	36	90
33	36	33	21	34	59	29	54	83	89
71	77	31	3	52	70	61	79	56	98
55	21	89	54	80	60	69	98	16	2
58	92	49	52	14	4	31	52	80	24
83	78	15	82	71	46	38	50	1	95
10	24	90	49	31	19	21	85	99	75
22	41	79	10	23	98	15	81	64	31
85	55	25	29	31	51	99	90	53	7
44	22	4	50	67	94	14	6	43	50
34	1	44	10	47	8	95	20	56	58
64	50	24	9	97	74	38	50	50	16
46	81	68	60	31	10	4	59	50	39
31	56	67	89	11	97	33	75	87	23
9	19	2	90	58	41	67	29	21	32
7	33	43	35	10	61	88	50	93	62
87	56	80	41	7	96	48	60	38	60
36	28	48	87	32	29	19	51	74	13
71	38	24	50	89	34	40	50	53	36
39	52	71	73	50	53	32	99	28	2
68	4	43	57	91	23	59	89	83	84
83	43	9	92	65	12	94	73	35	54
28	95	41	17	18	14	71	31	8	70
6	17	58	65	69	40	10	22	54	79
29	81	69	12	74	20	17	12	84	58
72	92	67	24	75	11	25	90	82	48
52	33	90	22	14	99	50	1	35	11
40	43	11	13	6	74	81	94	9	12
91	9	70	19	82	74	76	93	73	41
49	75	26	16	81	57	65	63	63	69
33	39	72	71	70	67	18	48	87	78
64	13	14	68	4	83	31	54	75	73
43	7	14	15	17	15	25	50	43	56
96	73	48	19	87	51	88	84	83	2
46	37	22	21	34	52	83	23	34	45
11	35	63	40	55	76	90	60	71	29
78	26	68	86	24	13	85	68	70	78
38	44	3	68	85	50	98	14	38	10
69	1	69	22	46	59	96	50	87	15
51	58	30	78	41	44	65	20	93	98
48	78	22	85	57	86	19	50	16	67
89	44	70	83	88	58	96	80	21	19
6	20	61	13	25	74	2	40	48	93
2	75	56	16	99	28	6	5	33	24
71	65	83	2	32	17	11	46	44	91
43	7	72	55	80	13	19	28	74	76
69	26	17	75	95	31	14	80	10	11
47	57	23	18	97	18	72	42	60	32
90	39	99	68	59	37	56	22	97	32
69	10	57	9	66	88	16	15	54	18
56	70	33	10	77	11	71	39	28	32
83	39	50	90	82	21	26	55	72	33
77	52	56	77	72	43	50	56	85	27
51	10	43	11	18	65	29	78	28	92
69	51	63	86	37	89	39	68	9	58
6	21	57	41	67	87	66	30	59	77
69	45	60	15	77	29	58	57	76	59
48	53	25	36	63	3	69	43	21	51
96	12	45	13	10	58	54	10	11	5
62	69	24	6	93	26	84	20	43	41
14	87	35	33	32	87	39	60	61	79
82	7	84	75	86	13	93	17	2	26
12	73	32	64	57	65	16	53	46	40
2	97	38	1	42	65	28	65	78	28
17	50	45	95	77	3	3	21	29	26
3	41	67	32	23	65	30	37	18	34
92	1	63	61	17	1	67	57	89	87
3	89	16	18	98	30	18	73	79	39
83	58	62	63	93	93	66	17	9	99
61	82	50	90	83	77	18	22	41	18
64	71	48	5	72	19	47	65	24	28
5	50	50	31	2	88	78	56	15	41
20	86	68	72	95	33	41	65	71	98
60	97	39	60	85	97	69	29	91	81
15	16	14	57	70	83	88	70	63	43
3	59	57	69	18	49	92	52	70	40
88	66	52	2	25	87	42	62	1	89
43	72	96	55	31	6	12	11	61	3
57	27	59	36	84	95	34	23	58	9
8	74	65	68	92	24	42	32	26	80
48	59	85	2	84	52	98	72	18	13
83	45	5	50	41	55	86	41	83	16
79	36	89	92	5	8	43	9	54	79
51	71	25	8	76	98	12	13	7	40
23	37	22	69	7	81	54	58	65	49
64	46	75	51	16	1	13	1	23	48
9	68	75	50	45	97	92	37	67	62
13	97	7	62	92	94	56	83	30	56
6	38	18	92	38	19	52	65	24	21
19	15	81	77	78	29	60	48	45	83
59	52	97	75	55	58	49	6	95	3
51	60	15	92	45	48	40	68	38	34
31	77	76	61	32	49	47	90	39	67
35	11	20	39	29	52	71	8	17	68
12	26	97	3	53	29	94	35	17	67
33	55	95	81	45	43	82	47	60	77
9	41	65	44	98	86	22	17	68	92
8	5	34	73	79	57	57	10	45	34
18	77	24	94	42	91	12	7	20	96
35	38	79	71	24	86	6	89	62	1
85	85	87	74	11	79	5	76	26	34
73	55	72	19	39	74	97	28	74	6
43	53	85	87	60	48	1	47	68	34
96	29	4	81	33	25	30	60	27	99
97	2	76	61	82	56	34	41	92	32
9	10	99	86	14	7	47	68	43	98
76	81	10	65	97	48	29	44	22	48
77	10	48	19	26	17	11	24	41	8
82	83	8	68	16	26	61	64	89	14
36	49	73	41	70	3	80	75	6	57
4	96	43	94	47	83	57	9	27	12
87	15	84	14	64	17	33	54	39	70
2	20	38	93	24	69	59	23	2	67
64	98	89	84	15	38	10	47	99	18
84	69	84	3	98	34	90	85	4	82
47	62	55	40	67	69	89	96	72	1
29	76	91	29	18	55	61	82	67	79
64	47	74	96	50	24	45	15	23	26
91	3	18	61	34	27	30	75	25	12
47	53	27	23	43	25	13	75	68	28
72	34	94	73	93	50	60	23	25	48
60	38	77	19	89	55	73	36	98	3
60	8	48	46	46	42	58	14	29	65
40	99	73	85	17	54	93	61	36	49
67	50	6	78	44	27	5	76	84	67
81	12	82	47	29	24	29	33	82	87
89	89	22	54	19	73	9	58	66	74
75	88	89	53	33	96	70	6	93	85
84	25	97	43	22	79	63	87	79	2
46	2	71	90	51	10	50	44	78	99
37	46	7	50	2	45	7	4	58	12
50	25	48	21	26	46	83	90	28	17
6	31	9	52	41	60	60	74	64	5
70	24	42	73	83	82	44	4	35	22
47	88	69	49	40	79	32	84	72	51
53	9	52	80	28	9	20	61	24	94
22	91	67	12	84	30	60	10	91	69
80	1	85	86	55	95	27	54	95	47
93	1	91	12	74	92	42	29	73	50
66	94	87	55	34	7	81	19	88	97
39	71	19	3	78	90	31	27	34	30
75	74	59	80	5	1	23	40	84	14
26	68	26	70	27	16	95	19	25	1
33	90	93	88	85	92	6	81	15	88
76	79	29	57	98	39	49	92	49	56
62	78	98	4	47	61	34	61	82	78
6	6	94	95	56	14	56	76	18	74
50	14	69	21	99	77	7	50	3	70
59	22	27	20	78	56	92	10	72	66
27	79	52	3	5	43	95	42	22	41
94	49	8	99	14	54	90	26	82	77
9	41	62	81	41	75	13	47	19	64

