500
10
69	80	76	46	7	64	20	17	8	29
51	90	24	91	42	53	33	50	24	85
9	49	78	74	32	24	70	45	58	71
16	59	17	19	47	73	62	11	27	16
14	24	10	34	87	22	19	12	97	84
53	25	59	51	73	14	89	54	46	84
22	17	77	13	13	84	83	59	50	26
81	63	34	54	36	82	91	69	83	6
50	10	70	23	14	7	71	15	15	40
46	13	34	49	69	72	62	11	96	58
54	70	37	9	94	90	17	54	3	23
7	43	39	8	80	79	18	6	43	68
30	46	94	6	89	8	18	60	18	33
55	65	98	39	13	50	3	35	70	46
83	60	56	93	38	58	54	35	82	14
29	3	11	45	16	27	21	94	89	79
51	29	98	66	39	2	47	52	16	43
84	31	30	75	43	74	62	36	1	61
24	61	6	49	76	35	11	63	75	77
43	85	48	8	2	11	47	93	71	78
68	94	2	75	76	53	48	52	34	63
96	67	21	16	65	96	35	36	20	25
86	55	74	59	89	64	72	12	82	46
92	28	31	71	15	31	19	2	51	55
70	65	45	1	15	7	20	38	23	15
52	93	95	37	34	82	67	77	82	66
45	41	92	78	6	95	24	93	58	52
6	16	65	86	91	23	12	94	52	93
84	81	30	12	60	22	37	70	81	75
76	42	39	6	92	95	93	92	18	90
26	59	16	91	79	47	52	4	33	85
35	71	60	68	23	92	60	54	9	14
50	87	60	50	34	34	86	69	99	79
87	69	5	61	27	21	5	81	23	13
55	80	25	10	97	12	41	61	84	84
55	10	95	94	90	49	70	75	5	39
87	80	18	1	17	37	8	71	26	91
72	15	16	35	17	24	56	51	5	62
63	57	66	3	43	58	99	58	15	33
43	9	97	1	71	97	14	63	59	28
37	86	22	65	11	75	47	37	81	26
77	22	69	17	47	18	29	93	63	58
5	70	25	73	32	32	61	12	67	61
26	15	11	12	54	70	57	48	37	38
68	32	24	80	1	41	83	50	53	22
58	7	84	56	50	20	27	91	87	10
69	30	23	15	20	29	21	53	51	11
79	92	11	60	43	79	74	38	70	83
49	77	5	88	1	97	27	23	52	95
40	1	21	6	23	66	76	62	82	51
9	26	95	13	13	36	82	54	61	41
30	39	64	83	43	52	99	83	5	13
86	80	46	79	95	60	94	73	90	70
9	58	48	45	7	41	29	23	48	32
41	88	15	67	76	6	25	31	72	3
12	19	44	80	9	70	97	50	80	51
59	71	52	96	2	75	48	34	22	90
75	29	40	10	79	92	26	68	58	35
32	42	94	66	16	24	80	94	35	18
33	96	34	50	25	78	33	43	58	81
77	17	5	30	68	40	10	41	66	22
45	84	6	97	27	89	85	34	59	60
99	6	30	81	60	22	26	61	36	58
61	48	73	85	97	81	89	45	82	53
42	18	69	42	9	94	34	87	99	75
69	46	93	38	26	64	9	63	25	47
27	72	61	65	71	28	30	56	57	42
19	54	49	12	68	51	99	48	23	98
22	81	68	34	99	27	19	13	37	24
3	97	83	48	55	51	25	58	21	58
61	36	40	28	19	73	55	50	44	77
35	24	32	69	32	10	73	38	10	62
76	55	21	44	92	28	56	51	68	38
61	70	49	60	56	95	32	88	21	32
41	28	87	95	61	50	75	30	91	15
49	47	21	60	68	66	63	83	38	67
37	86	78	16	28	86	42	95	9	71
95	11	81	24	93	62	52	62	11	58
15	14	92	8	43	43	23	82	73	40
29	87	96	54	53	32	35	33	66	11
59	27	81	66	34	55	77	15	86	42
64	51	27	87	16	93	94	91	31	65
47	64	30	88	55	69	89	30	21	77
5	41	36	20	85	44	15	68	22	11
20	33	40	14	2	94	9	3	60	21
53	45	39	47	75	30	38	79	48	33
59	54	71	63	18	88	86	38	22	48
32	64	8	91	81	53	23	96	31	22
77	18	89	37	23	77	57	99	32	27
87	58	61	66	34	76	36	8	90	83
49	41	7	41	26	59	63	4	93	63
27	53	61	27	78	55	67	88	60	45
57	7	55	60	99	82	98	35	53	91
90	88	15	23	50	52	75	72	87	20
14	42	86	57	64	38	29	4	93	24
30	24	42	17	77	15	62	56	73	73
93	79	93	85	84	77	62	8	22	91
63	94	56	13	23	44	77	60	68	33
81	50	65	37	71	95	30	62	28	2
82	87	94	58	68	18	32	18	43	28
78	58	91	17	69	73	71	69	58	4
95	90	27	5	14	62	87	40	90	67
68	68	19	59	83	89	17	59	90	18
88	15	6	56	94	67	83	4	31	81
88	80	64	88	54	27	92	82	96	69
39	96	19	37	6	6	18	18	68	22
93	1	19	26	31	17	44	1	19	58
47	15	71	16	65	21	68	78	60	45
65	6	90	93	13	63	6	38	10	36
94	84	61	79	80	84	54	69	81	94
1	42	35	23	8	74	63	48	1	46
40	21	69	90	63	14	14	13	39	3
28	81	18	87	70	34	32	60	32	97
5	56	30	2	70	56	90	2	88	38
24	5	10	37	69	71	6	91	4	8
71	27	92	37	39	20	94	20	40	68
93	80	98	67	36	94	17	74	36	76
90	33	94	42	73	88	40	25	54	30
13	90	89	31	69	29	53	97	61	66
8	13	25	38	72	27	6	68	78	66
8	61	93	52	49	21	80	10	36	85
90	87	27	45	1	69	59	97	13	19
97	27	12	22	96	38	13	50	92	57
94	80	91	34	65	13	84	7	14	40
95	53	16	43	20	1	77	49	27	50
59	96	85	49	28	72	96	22	65	80
36	9	70	70	18	2	29	44	37	43
74	78	1	46	33	46	31	52	65	8
63	1	19	69	6	93	81	52	54	37
6	29	71	59	10	69	46	8	84	88
42	60	61	14	39	18	15	1	18	38
96	61	25	20	95	42	90	20	42	91
47	79	95	56	33	23	87	97	98	87
15	18	47	1	45	54	24	84	99	83
12	48	11	81	98	78	86	23	74	3
36	29	39	95	92	21	44	67	22	17
12	22	3	90	89	7	8	52	28	6
12	29	89	20	19	99	31	28	82	70
77	28	45	98	73	63	26	45	29	17
28	26	72	75	89	75	45	19	61	91
58	19	72	75	68	78	9	94	79	76
11	95	16	26	66	83	7	1	54	75
30	69	72	30	63	42	76	49	16	30
60	87	22	31	47	12	39	93	93	88
38	91	57	5	88	73	79	33	51	6
37	4	31	33	14	3	61	94	4	40
72	34	14	78	32	70	97	84	75	96
77	47	42	91	53	19	46	4	23	36
3	91	20	28	23	75	34	31	99	6
20	25	56	2	63	1	72	45	65	16
53	82	50	3	49	80	40	5	69	82
27	23	14	39	70	17	40	60	49	2
77	72	45	59	20	39	71	35	84	79
72	60	25	79	82	40	87	69	89	41
56	9	9	62	42	85	81	47	27	36
60	85	96	38	97	70	58	70	26	76
6	92	14	77	14	97	40	52	51	82
65	73	38	15	34	25	29	6	59	11
11	98	97	60	16	62	5	75	97	47
8	42	88	36	9	61	59	55	43	25
93	77	81	95	28	55	39	68	69	82
9	97	16	55	66	79	94	48	95	71
78	87	98	66	70	81	78	78	30	53
82	74	72	83	4	32	5	80	89	13
70	23	13	57	47	90	20	89	93	93
76	68	45	43	16	23	95	27	62	97
99	40	21	66	14	20	21	10	80	28
51	32	71	71	39	40	52	93	18	12
77	50	57	69	30	22	29	49	22	14
48	5	69	8	32	60	1	69	57	68
93	29	25	84	43	43	4	61	28	3
55	23	62	67	18	26	6	73	83	46
89	19	31	97	88	29	1	64	62	23
92	15	43	59	43	61	50	40	69	8
54	51	65	49	40	65	83	33	85	59
76	83	49	14	24	5	17	51	62	47
19	57	56	74	12	94	56	49	63	18
74	15	77	51	27	44	49	22	94	93
80	70	26	98	32	54	83	71	88	64
91	88	59	45	14	12	15	9	15	98
39	36	86	60	3	97	54	5	70	7
26	28	83	53	90	1	59	39	39	31
11	25	47	31	96	5	20	53	28	8
61	12	3	81	31	26	79	38	74	43
85	64	62	21	86	83	73	64	70	81
52	33	34	46	65	26	53	42	57	39
20	20	53	54	57	32	5	33	28	93
65	13	89	16	47	19	50	96	26	49
28	18	86	30	80	76	50	95	84	11
55	66	38	69	29	93	10	89	3	49
12	51	71	45	54	25	28	98	47	37
54	83	16	97	97	59	8	62	86	69
50	78	3	7	4	20	49	63	82	62
92	48	83	37	74	9	89	31	20	87
38	56	37	30	92	62	90	18	26	23
35	2	81	39	80	70	18	37	62	33
29	92	93	83	31	7	91	27	40	27
40	46	81	66	54	83	53	72	80	66
62	1	26	55	14	18	24	74	2	6
15	14	84	99	61	22	23	39	16	70
21	4	77	46	33	92	34	94	4	25
88	56	50	85	43	87	72	33	38	76
69	63	11	80	68	69	4	68	80	47
17	26	72	28	17	89	26	43	99	71
33	85	9	67	94	75	23	38	55	20
22	69	28	66	38	87	76	89	97	34
17	96	69	91	28	84	34	68	36	34
80	72	50	21	11	95	86	18	96	54
93	84	69	84	74	56	32	89	30	71
44	3	79	84	23	10	60	49	4	61
17	46	7	96	82	10	95	2	53	22
64	69	20	26	73	28	19	64	45	68
11	81	80	58	49	48	32	13	50	7
8	70	18	81	74	24	37	42	5	70
23	16	59	26	71	7	98	39	7	73
94	96	34	99	9	89	72	78	23	55
78	11	34	14	47	89	77	8	51	10
93	56	77	82	49	65	14	75	46	94
50	1	12	91	9	26	39	21	78	33
74	34	44	44	56	25	19	74	85	72
86	14	57	84	3	47	47	15	52	12
85	65	37	27	40	99	50	57	38	67
74	16	70	54	80	75	40	67	42	16
28	24	64	85	3	31	95	30	59	93
4	8	39	3	49	83	3	64	43	63
10	30	8	52	13	34	14	12	36	64
37	92	18	74	85	68	14	58	92	7
95	31	80	32	65	19	63	7	64	39
57	92	69	46	90	74	60	75	63	56
14	54	8	53	22	60	19	31	53	10
80	90	22	41	35	91	67	53	35	98
84	34	81	32	72	84	73	99	4	59
45	44	71	53	3	95	9	76	70	14
73	60	43	52	69	56	56	77	85	76
97	3	14	69	98	30	27	26	86	23
68	75	63	28	32	11	70	93	66	86
68	33	83	36	81	27	5	76	74	88
81	34	86	57	28	99	5	58	94	97
73	2	79	22	14	99	40	59	16	92
16	84	94	10	76	65	29	95	21	34
8	20	3	48	54	93	94	7	92	53
29	52	63	67	59	30	22	14	52	53
72	70	30	68	55	73	41	52	38	9
34	74	15	5	37	15	91	4	64	26
14	9	8	65	44	34	21	13	15	60
44	8	57	34	23	83	99	6	11	18
81	13	93	47	5	57	63	36	50	23
26	19	37	57	57	43	69	19	84	44
38	31	26	44	96	36	7	12	84	54
34	24	92	73	88	3	56	3	48	82
34	49	39	84	47	38	28	35	63	67
86	34	52	46	1	52	82	25	9	91
37	60	49	97	90	31	50	11	81	76
93	15	18	14	62	96	60	53	72	14
81	28	62	41	54	77	73	49	5	52
47	33	27	10	81	39	4	58	53	63
74	9	10	14	49	66	24	63	66	19
18	90	99	35	66	2	59	61	7	31
9	31	67	86	15	26	50	78	13	68
57	99	85	98	80	44	61	69	63	18
50	69	75	4	39	70	31	42	10	18
46	51	1	2	12	33	39	53	63	68
16	83	13	43	66	37	91	86	82	7
69	70	2	73	51	92	50	57	36	35
73	67	92	61	80	15	90	86	29	51
4	6	31	87	25	33	85	51	42	4
88	79	31	46	84	84	97	54	69	48
65	56	33	11	66	96	47	29	85	3
35	3	85	53	76	74	46	99	85	69
70	16	10	19	38	2	43	75	54	87
60	62	87	72	30	7	67	9	69	66
45	63	61	31	2	9	41	58	55	36
1	17	83	53	33	51	93	93	1	28
13	38	39	37	59	64	30	99	96	23
98	15	74	3	89	39	74	29	41	53
38	30	72	51	11	33	36	20	35	93
55	18	10	62	7	75	40	91	17	34
83	23	45	36	18	54	78	17	15	99
20	24	91	99	34	26	40	53	98	88
97	41	85	55	62	23	55	77	57	20
44	79	88	85	93	60	56	24	52	72
86	59	47	65	28	78	15	9	28	14
8	43	23	2	91	39	19	59	52	18
98	49	27	28	64	13	46	25	3	27
85	55	53	43	78	19	84	25	40	52
16	22	41	79	99	77	71	65	74	14
16	29	38	54	11	31	10	65	91	96
11	33	70	29	79	91	19	7	75	74
84	91	93	57	30	53	21	70	49	89
84	86	86	35	45	92	55	2	39	48
18	81	85	10	64	79	63	88	9	11
58	2	17	66	29	71	69	2	24	9
33	76	60	70	8	16	73	62	53	46
19	40	29	82	50	47	55	71	93	97
77	35	3	14	70	49	84	98	45	98
53	95	23	5	72	40	97	40	19	38
33	42	35	42	69	3	34	60	64	11
63	90	27	59	3	84	72	73	66	33
40	48	52	69	84	75	25	10	73	46
84	78	49	36	44	55	48	5	66	46
76	20	39	78	72	4	19	77	21	61
66	46	22	6	97	79	63	41	39	3
22	75	8	71	92	59	75	87	23	55
83	28	25	27	13	32	86	66	95	79
53	40	83	65	23	98	48	71	1	11
6	77	12	30	2	46	13	91	99	74
45	73	5	33	74	94	98	29	88	14
38	63	73	92	44	61	54	70	61	45
13	13	5	63	63	77	56	60	31	29
92	26	98	40	81	98	6	75	3	48
44	90	44	12	86	12	19	49	69	1
17	4	92	37	70	59	90	6	21	97
22	5	33	57	83	60	61	71	50	58
55	29	24	13	4	98	89	81	21	72
5	26	95	11	62	92	31	56	36	15
55	35	51	24	20	36	9	57	47	5
34	26	80	31	96	27	47	49	17	48
66	58	59	1	21	50	70	98	91	82
71	11	30	66	79	91	93	74	94	60
74	58	87	40	16	40	4	63	96	35
11	55	58	2	91	62	14	19	9	51
67	13	83	25	92	68	27	2	36	97
93	45	26	11	41	65	23	49	11	34
80	36	94	15	28	98	94	68	10	58
3	47	97	56	97	56	93	69	56	8
3	17	65	22	90	57	14	15	84	32
2	81	75	88	82	63	22	10	30	17
40	81	28	35	19	21	20	82	99	32
33	65	23	82	93	77	77	99	11	13
58	36	83	63	75	73	34	12	61	50
53	82	91	58	27	72	41	79	42	10
10	84	33	37	66	73	6	65	91	83
31	93	23	52	6	49	54	9	2	76
58	5	74	60	33	56	83	94	98	40
50	58	22	77	53	17	46	73	92	50
68	41	72	84	79	39	37	85	62	25
88	6	48	38	64	54	75	78	91	84
81	75	44	10	13	62	12	37	88	67
18	32	12	34	10	12	34	69	9	5
96	25	93	56	10	8	86	34	31	80
41	48	28	77	53	79	8	52	46	55
65	51	74	43	40	1	42	8	69	45
42	58	80	71	73	88	93	62	83	43
42	55	50	89	54	32	51	19	3	99
39	10	95	31	37	76	97	84	14	18
21	13	8	21	46	29	29	93	15	69
77	58	86	35	43	84	46	34	31	15
20	99	13	9	63	88	66	91	57	16
41	93	26	86	99	79	3	90	41	35
83	93	38	92	96	80	33	92	49	9
31	16	82	48	27	63	25	23	65	23
60	65	73	56	19	51	16	91	84	77
59	85	90	50	67	1	64	68	93	17
26	83	42	79	91	77	12	65	57	74
34	75	18	27	92	84	89	12	92	78
95	34	40	62	97	82	10	55	55	60
14	33	52	43	41	71	43	12	6	68
64	33	87	91	15	81	73	38	93	41
89	23	44	12	15	17	4	71	76	90
72	39	10	41	10	3	51	41	56	36
93	98	21	44	79	14	63	44	94	59
97	13	51	90	26	86	73	65	59	17
49	43	20	78	6	45	64	2	76	73
30	18	84	65	4	55	15	2	94	56
63	27	70	47	35	76	65	2	30	21
37	59	53	21	90	4	80	58	43	18
53	89	94	56	65	60	75	89	99	31
58	27	59	39	84	42	71	9	72	82
68	58	35	41	86	63	91	19	17	93
44	70	2	35	2	2	41	5	9	69
88	72	31	79	38	57	39	6	92	71
65	20	81	73	58	43	24	16	9	77
48	26	98	34	87	39	36	46	17	90
24	41	60	91	96	8	42	64	40	56
39	8	51	38	49	42	20	27	84	27
26	27	25	97	84	19	74	39	92	89
70	4	7	27	8	6	60	90	88	25
70	11	66	78	9	66	90	63	16	46
10	83	15	1	61	5	85	3	12	99
73	12	19	27	63	13	86	52	95	41
69	37	61	38	2	80	97	32	42	52
41	49	58	71	45	98	14	10	89	49
41	74	99	70	79	20	75	40	59	10
15	98	59	96	55	92	17	17	87	94
50	89	90	98	49	20	80	36	64	72
8	67	32	20	44	36	44	67	92	99
86	16	66	98	53	99	47	47	1	75
15	36	40	17	72	85	64	48	8	67
82	44	57	51	68	14	11	43	9	46
56	17	30	95	24	9	69	45	57	5
38	37	60	45	62	98	74	33	28	85
53	48	12	55	55	97	48	13	48	57
92	23	14	41	81	65	35	94	19	56
35	43	23	33	52	48	32	77	46	2
24	82	18	1	92	97	42	96	44	71
27	93	44	27	45	52	46	23	27	30
54	27	77	33	33	76	98	7	64	54
10	8	85	44	13	73	26	22	20	59
83	39	35	79	40	61	99	98	12	7
22	88	83	93	95	62	79	22	31	55
63	99	63	46	71	87	21	81	1	19
89	97	51	16	95	14	52	2	17	99
65	5	97	46	79	24	54	95	23	12
33	38	64	42	66	86	84	4	3	57
86	26	38	58	31	57	63	20	33	45
9	7	78	11	33	34	58	7	39	35
5	59	44	5	94	19	93	67	36	30
88	70	26	15	12	95	49	93	91	19
97	34	39	77	7	89	69	46	70	75
92	38	15	25	23	1	76	62	9	52
99	74	50	23	19	61	62	25	6	48
11	41	74	27	50	11	24	47	29	60
90	24	86	12	34	26	63	24	13	12
73	74	52	72	79	11	20	79	5	6
36	99	7	33	27	80	61	45	14	41
44	27	72	64	4	1	24	64	63	98
22	39	97	14	70	26	94	25	85	91
97	64	4	9	81	79	85	29	83	29
95	98	51	80	66	30	26	87	80	61
70	21	60	42	66	67	98	23	14	12
22	26	19	80	58	2	18	59	10	57
50	75	60	81	74	37	70	25	73	40
66	10	86	45	37	63	37	20	20	90
22	12	16	15	71	9	98	76	57	11
25	93	25	49	96	11	45	36	66	69
4	98	16	22	57	9	2	89	69	44
90	92	88	75	3	57	40	77	17	72
77	22	11	95	89	72	23	1	19	31
39	99	68	49	20	33	35	84	80	24
99	51	87	65	66	2	27	83	93	68
5	38	73	14	14	45	88	51	6	82
84	80	89	61	76	59	37	25	63	40
70	81	53	49	36	95	5	74	10	13
62	4	47	14	64	65	60	51	90	57
11	47	88	62	69	25	91	18	4	72
18	53	57	7	26	73	63	98	25	30
27	41	53	11	53	34	74	89	67	39
73	12	4	59	41	83	7	73	73	20
19	7	82	5	17	27	33	46	80	85
48	85	18	41	93	21	37	3	15	63
3	63	43	16	87	18	73	77	19	76
53	33	65	69	58	78	31	11	42	15
67	4	55	89	32	88	84	53	79	62
69	35	81	60	47	88	48	68	70	72
33	51	26	32	46	13	20	79	46	5
13	33	89	13	51	18	74	96	39	4
33	15	46	33	44	10	98	24	45	9
65	96	3	73	2	49	96	21	94	63
53	94	45	64	84	28	86	82	88	93
11	89	90	63	31	19	58	9	91	29
32	61	8	51	84	69	90	62	27	36
6	20	13	30	83	85	36	45	21	42
17	10	87	9	24	61	63	39	98	31
28	8	81	62	46	1	17	84	49	70
41	51	59	26	83	46	96	1	71	21
74	11	91	52	24	20	72	11	62	21
45	90	74	50	63	71	72	22	69	99
22	96	2	20	75	41	52	34	69	38
9	58	82	36	96	80	78	16	39	42
37	61	57	37	21	83	72	69	32	59
20	23	99	56	55	56	74	60	97	22
32	95	77	62	77	76	93	72	70	1
48	70	49	6	99	39	96	6	97	82
12	65	57	75	63	10	93	81	99	97
15	46	63	87	79	94	7	59	56	8
12	30	51	70	51	85	38	18	50	90
79	5	74	37	84	26	49	84	14	65
94	21	96	74	12	99	20	11	60	54
13	69	85	59	51	42	27	53	91	78
17	4	35	87	3	43	54	89	39	96
69	40	72	69	99	54	71	62	35	72
97	20	59	69	61	74	28	55	83	68
78	56	90	68	46	46	96	33	28	48
20	97	42	13	51	68	63	96	45	64
49	26	94	72	79	12	93	32	63	94
12	98	53	81	64	31	7	85	25	65
45	74	69	14	58	71	74	19	87	75
96	86	86	75	15	79	54	61	38	84
5	30	77	61	94	9	83	34	56	54
1	74	63	4	89	38	96	8	17	29
98	7	67	85	41	50	70	28	89	23
14	38	60	10	82	89	68	71	85	66
71	86	80	26	90	49	20	74	29	88
83	2	72	56	88	52	89	32	83	96
36	57	24	47	4	89	19	17	24	22
35	58	39	17	9	79	6	49	12	41
6	18	95	36	37	62	83	18	8	15
11	37	16	81	45	81	9	32	55	49
5	28	96	7	30	18	71	69	98	67
66	95	41	73	82	75	22	61	78	50
88	79	23	3	82	48	25	79	96	77
22	94	46	34	54	82	53	83	85	87
29	6	62	7	8	51	89	87	18	77
54	74	76	18	43	76	87	80	67	75
20	14	88	55	52	94	78	87	45	49
92	63	46	5	38	41	49	41	44	66
79	60	23	32	17	69	26	36	37	35
34	43	6	99	75	69	5	62	35	62
40	82	53	39	66	30	9	82	84	8
4	71	86	29	68	1	56	75	52	39

