500
10
12	98	91	13	85	19	79	65	6	3
38	71	82	48	81	95	5	16	49	83
75	84	55	48	38	87	50	42	81	56
53	46	71	83	68	76	5	78	31	34
45	35	58	79	81	93	52	22	63	66
39	78	32	96	68	47	48	92	52	81
8	42	39	28	20	74	72	34	19	34
4	13	59	23	46	92	14	33	50	73
84	41	2	5	80	90	99	28	93	20
69	66	88	48	77	30	87	48	79	88
78	56	11	18	11	33	21	78	99	6
7	7	79	37	13	89	30	24	83	43
34	46	14	20	15	94	90	28	23	42
71	63	58	41	49	62	14	31	56	40
36	27	57	49	56	66	80	43	11	23
72	75	3	50	84	41	49	84	90	39
25	53	80	86	21	5	8	97	48	12
26	25	74	22	5	74	77	28	39	40
65	35	73	81	81	32	66	86	97	25
62	8	35	39	58	24	2	87	36	11
42	24	13	27	64	34	2	82	29	56
79	85	49	58	57	21	6	15	55	46
20	69	80	38	3	51	37	36	55	52
55	51	86	26	39	12	27	77	99	74
60	87	60	6	37	34	79	9	26	41
85	38	50	52	54	24	43	50	97	29
4	28	21	34	95	19	82	58	66	63
8	2	91	67	43	37	78	5	10	15
34	90	79	53	69	39	93	24	32	47
99	23	65	7	6	44	13	92	77	73
6	38	26	31	71	22	55	36	53	60
79	98	23	64	26	59	67	5	70	76
79	16	56	24	43	8	52	76	4	45
98	34	96	40	48	70	67	62	64	7
32	52	35	61	96	85	11	18	63	41
56	10	16	6	34	85	43	9	36	8
43	95	28	43	91	95	79	80	9	72
14	12	21	41	40	2	79	22	92	52
56	45	4	47	62	21	68	64	22	36
27	17	89	11	29	51	42	1	14	11
4	62	89	74	57	61	84	53	30	79
22	47	75	79	33	21	61	60	56	1
11	39	95	94	97	18	43	4	91	8
77	59	86	70	18	11	26	41	1	79
68	13	39	73	27	25	75	67	5	48
48	7	44	28	36	77	6	42	99	57
68	62	68	70	92	93	97	52	81	63
58	53	16	24	70	40	48	38	62	44
67	97	39	32	13	66	2	5	17	14
87	34	71	87	85	21	90	49	62	53
17	59	57	58	62	90	97	87	1	12
70	47	33	88	95	55	46	8	76	1
78	78	55	65	5	92	60	6	31	53
25	48	74	78	28	94	26	9	95	69
88	42	21	10	92	81	26	69	56	97
12	8	94	35	34	48	35	55	61	90
54	91	26	30	46	6	1	13	90	47
87	60	15	59	69	20	11	5	76	42
75	55	98	79	41	90	58	38	23	97
86	51	18	65	12	63	80	47	69	39
18	26	62	10	71	49	34	67	23	93
36	84	44	93	3	35	76	57	56	27
84	57	12	20	14	42	86	1	61	44
39	2	59	31	61	35	22	14	52	76
72	74	49	41	31	26	74	81	87	2
89	35	37	92	3	47	77	51	60	28
3	53	86	32	52	75	66	5	70	43
28	23	91	84	51	58	52	48	34	39
75	27	23	79	98	79	25	72	92	65
93	55	53	3	72	83	59	1	3	9
53	57	27	76	39	23	97	1	83	97
89	68	69	37	21	36	86	92	85	56
1	32	94	89	49	81	91	68	3	48
91	13	15	5	43	86	95	83	56	31
38	63	6	86	90	18	54	55	63	83
15	18	55	26	29	55	32	25	68	34
43	51	94	42	47	53	78	11	3	25
43	63	89	97	12	89	28	61	61	56
66	48	63	40	58	6	22	87	80	15
98	35	87	20	32	56	1	6	95	72
64	49	74	79	82	86	20	3	50	55
97	72	42	88	9	53	95	78	60	29
84	11	6	3	57	67	20	21	12	73
28	73	45	82	61	76	75	35	73	29
50	79	41	2	22	52	25	91	64	69
29	33	55	49	34	79	51	64	23	14
92	91	88	96	99	46	63	54	52	55
92	19	94	36	53	28	19	62	45	38
88	91	54	34	84	33	90	17	59	85
77	82	76	92	77	92	47	11	46	41
71	21	30	8	46	92	8	96	51	25
40	40	44	36	74	78	7	97	10	3
65	97	90	17	82	95	43	75	40	86
67	85	50	25	67	13	96	58	6	83
48	75	47	25	84	36	6	17	32	72
14	92	8	99	84	10	79	94	35	76
69	41	8	84	56	29	78	36	68	54
78	31	88	93	25	19	14	37	27	44
98	90	42	9	1	76	23	43	1	81
75	53	88	24	13	7	57	81	66	93
43	60	64	67	23	6	38	81	13	89
28	68	67	99	88	7	71	75	63	72
91	84	93	82	8	74	42	37	3	97
24	13	67	41	20	35	93	25	27	28
60	91	33	11	40	48	36	56	87	12
37	25	38	28	61	87	76	23	8	12
89	62	63	64	67	72	67	69	2	31
70	56	42	45	92	60	93	27	41	6
59	83	83	66	37	77	91	9	27	94
43	54	3	57	21	38	71	17	47	93
79	89	41	86	18	92	45	33	22	40
39	16	59	34	10	11	93	27	90	67
91	94	9	54	46	33	11	31	17	6
82	53	79	78	74	19	65	88	99	30
99	42	4	35	30	90	26	36	96	48
88	80	85	91	7	22	64	64	99	87
87	64	88	65	44	78	9	95	40	15
18	44	56	60	30	20	1	71	20	90
39	43	4	44	83	82	19	45	73	72
52	35	17	10	80	5	60	15	4	56
53	34	27	40	67	21	89	4	89	59
61	82	82	87	19	53	39	42	75	11
74	69	96	62	38	51	85	91	67	34
77	52	61	65	76	30	4	20	57	37
15	59	56	18	45	44	54	33	1	45
48	10	65	28	88	48	27	42	70	69
57	18	37	10	95	95	28	9	59	2
15	98	47	21	75	33	87	19	87	85
41	6	75	2	73	2	47	55	30	97
88	39	98	37	49	24	83	37	17	19
89	33	29	38	59	68	3	2	42	77
56	65	86	69	71	23	57	65	73	57
29	80	34	80	78	81	31	88	52	85
26	30	99	96	15	17	49	16	44	25
23	42	4	37	40	74	67	8	61	27
19	83	78	2	73	92	36	7	99	14
83	46	81	31	45	74	75	11	28	36
48	78	74	36	46	70	61	68	12	17
12	81	52	71	46	55	36	70	71	22
62	96	3	70	38	63	67	92	7	28
39	79	66	18	9	23	72	94	71	47
36	35	81	65	63	37	41	75	82	13
24	73	55	54	2	23	72	53	29	33
38	26	78	68	53	56	6	11	11	54
74	36	80	6	44	88	1	25	14	40
58	77	88	14	80	5	43	4	88	76
5	39	32	39	87	57	36	83	45	42
28	49	39	38	85	91	73	34	51	74
51	26	11	93	20	68	32	46	46	83
95	90	38	99	5	29	68	78	5	82
57	76	93	17	71	68	43	92	78	63
67	54	52	12	47	74	85	93	57	72
69	57	28	21	65	83	36	71	55	21
2	91	15	17	55	46	77	41	69	47
11	89	59	92	92	20	90	20	61	5
64	30	33	81	22	33	36	12	25	19
3	97	6	97	50	19	7	73	95	10
48	88	35	11	76	81	14	41	93	82
20	73	27	61	18	13	80	64	99	61
76	98	24	50	97	42	36	81	48	47
38	78	25	47	36	64	24	89	61	33
37	53	56	94	53	36	47	39	33	5
10	42	86	96	60	35	2	66	36	83
77	36	34	87	71	69	61	23	44	60
97	6	84	85	83	67	76	60	38	66
45	43	78	14	13	20	27	74	34	69
16	86	81	67	53	65	76	23	88	25
15	71	91	55	1	53	39	68	43	62
70	44	38	96	56	55	65	27	46	60
38	93	94	10	67	38	54	99	74	1
79	55	28	54	61	8	60	5	64	41
80	11	55	63	48	3	15	65	54	17
16	80	14	65	15	13	30	77	97	77
75	73	51	6	85	36	95	1	9	97
32	49	52	95	64	14	14	53	62	45
25	38	66	38	81	91	50	27	42	7
73	33	11	17	47	27	7	89	3	29
9	99	52	56	14	1	14	79	22	10
73	89	73	47	71	54	99	2	14	89
48	48	78	45	90	9	90	93	62	71
9	88	79	72	68	15	68	38	40	59
28	13	81	44	49	90	46	10	3	21
21	42	47	85	29	50	18	99	37	3
57	82	83	55	72	1	43	83	48	60
21	72	62	69	67	68	55	49	53	30
18	9	48	75	33	42	12	78	96	83
31	34	34	3	81	67	3	22	39	84
15	93	83	91	61	76	26	13	66	6
45	49	9	5	33	24	26	30	98	65
96	21	14	84	50	47	18	74	63	48
47	43	52	12	68	41	41	3	67	22
36	38	10	73	93	9	83	92	7	79
42	66	60	10	74	40	52	73	24	44
67	15	75	62	48	53	38	91	33	96
59	96	44	39	88	23	4	18	96	45
14	51	14	25	74	79	99	13	13	20
48	44	52	76	92	64	69	2	97	19
26	15	65	82	76	83	81	45	64	54
54	63	80	44	25	24	7	14	17	14
44	14	2	95	60	43	36	1	10	91
95	16	90	78	31	8	68	85	31	12
48	40	88	94	91	93	77	10	24	80
63	26	93	60	57	68	47	24	15	65
10	75	81	82	39	46	22	24	46	75
99	23	16	34	79	16	63	11	72	3
20	40	89	21	79	65	21	25	2	90
81	46	87	90	72	46	55	15	51	68
56	7	36	72	91	13	51	4	86	86
49	90	63	35	13	14	50	14	76	35
73	46	57	86	23	87	65	81	82	54
16	3	5	65	64	79	61	28	64	83
24	19	2	74	70	60	91	97	64	57
98	56	58	51	41	17	89	64	71	33
44	1	28	81	35	89	17	27	81	16
55	14	9	25	34	15	2	99	29	75
9	42	69	82	44	55	23	92	75	86
84	77	54	39	47	54	93	56	32	44
24	57	64	72	83	54	35	21	22	22
88	29	62	50	58	25	75	11	49	67
44	45	17	11	80	16	72	33	34	19
23	93	1	92	25	68	41	49	91	74
64	78	82	37	57	72	40	51	99	74
84	69	44	14	56	73	38	2	20	69
3	7	19	31	30	61	17	74	83	69
71	35	1	32	93	74	4	82	72	14
50	71	60	94	96	99	39	8	18	77
20	33	82	16	61	12	8	72	9	83
54	55	10	15	3	99	70	2	35	64
39	14	4	54	99	7	51	54	78	9
20	55	83	79	27	17	66	20	83	31
80	62	82	54	26	9	91	64	55	64
1	31	29	7	8	31	76	36	81	85
20	92	76	45	17	52	78	96	45	71
95	78	18	87	97	78	21	4	80	42
75	36	44	64	27	16	48	94	7	78
33	1	65	38	58	96	65	33	96	15
42	63	16	8	55	64	64	22	14	1
85	1	70	90	35	28	85	64	6	4
37	41	46	76	87	46	63	28	11	77
64	98	65	10	36	13	95	87	22	42
98	77	2	16	11	8	49	33	65	95
41	27	42	67	16	98	50	40	36	92
96	65	53	46	92	20	2	64	83	18
81	67	88	8	8	31	90	73	18	47
22	11	56	71	56	15	64	87	3	32
15	33	66	77	93	77	26	99	51	66
40	68	79	91	21	9	21	14	42	93
64	4	56	28	40	26	53	71	33	76
19	66	15	84	19	41	21	3	72	89
49	14	25	8	5	70	50	34	13	3
41	97	61	39	22	59	34	81	68	63
17	29	8	97	21	73	14	32	30	34
75	63	38	64	20	55	56	4	86	13
97	74	24	69	71	90	60	85	46	43
6	28	26	69	61	79	36	68	37	70
37	11	17	25	96	66	45	14	91	9
6	75	20	16	30	92	3	84	86	88
63	44	95	94	47	58	7	1	22	37
76	51	20	92	74	28	82	48	28	79
41	14	46	1	21	26	42	90	32	51
2	49	94	89	22	53	18	1	2	46
65	41	2	88	48	94	24	76	3	17
31	45	14	36	48	29	74	15	74	64
88	64	52	54	94	77	83	50	24	35
53	23	90	17	46	40	65	78	56	62
36	68	62	88	76	94	97	16	50	32
25	63	80	57	11	20	97	24	90	45
93	41	52	17	53	63	73	9	70	82
89	26	55	64	58	34	62	23	78	91
43	7	83	17	71	25	34	37	44	61
59	42	51	10	77	3	57	78	31	89
57	3	83	80	64	17	61	64	65	1
96	88	20	32	53	44	52	31	98	61
44	20	72	15	80	71	7	7	14	20
64	57	64	18	8	19	30	6	89	61
64	26	2	61	23	26	77	44	63	91
18	67	21	39	15	25	72	22	22	58
39	11	34	59	43	12	85	46	88	4
2	75	96	91	86	22	8	27	84	16
18	55	24	27	14	70	62	68	98	43
23	78	8	5	44	6	76	93	96	79
64	52	49	18	35	82	51	29	43	41
19	19	86	4	87	78	54	4	9	31
88	21	13	23	12	14	48	30	79	61
28	4	70	8	18	67	23	29	58	78
21	37	37	9	39	64	78	57	72	90
30	40	23	58	43	30	38	98	36	40
41	79	52	19	81	64	38	75	40	73
83	20	26	57	73	11	56	76	27	48
85	42	72	51	94	72	95	37	30	55
35	34	29	8	86	96	55	5	35	1
90	87	38	47	3	76	36	8	61	26
41	78	38	72	21	27	40	93	13	71
78	24	73	71	78	12	98	41	90	16
92	3	37	74	84	85	94	58	23	64
43	76	93	39	75	44	78	51	97	43
4	18	37	16	68	10	79	74	26	68
2	71	53	83	77	80	61	54	29	44
66	63	51	88	8	50	96	92	73	36
83	36	76	75	16	92	42	43	76	36
14	72	33	15	75	81	90	84	5	18
45	2	87	98	36	81	26	95	3	38
43	7	47	92	63	72	92	86	88	6
66	82	65	4	16	41	66	27	63	13
23	35	71	13	52	57	85	31	13	73
21	83	90	99	47	29	92	37	91	85
10	7	25	88	58	13	42	66	80	2
31	20	25	4	88	7	31	28	87	62
26	4	91	77	71	36	28	3	43	20
16	66	15	17	28	12	73	68	31	60
39	41	49	78	97	49	87	96	97	58
44	26	47	25	53	61	91	63	11	97
56	10	57	86	55	38	60	46	64	42
23	54	86	18	77	86	44	28	14	13
86	52	35	62	95	35	45	61	8	71
7	1	20	31	66	29	51	17	52	31
68	14	63	19	44	89	78	52	28	94
66	97	18	31	48	40	62	78	94	31
70	78	92	48	27	1	5	12	62	47
88	19	62	7	76	12	84	46	7	35
94	81	70	80	76	36	87	13	15	84
18	22	2	72	27	72	15	48	16	74
62	18	24	93	6	70	12	73	88	93
19	71	23	79	23	71	51	98	7	53
87	54	8	4	96	8	25	96	72	60
26	80	97	23	34	43	42	97	21	32
23	2	25	22	26	71	86	69	90	50
85	71	66	4	33	32	67	82	87	23
95	33	71	11	77	26	21	37	81	44
4	41	90	21	55	24	26	45	75	2
22	48	31	80	28	26	93	67	76	14
34	72	92	82	9	52	60	21	29	46
21	95	45	70	55	5	96	64	80	28
93	12	27	74	82	7	81	59	97	5
47	17	73	55	8	64	60	2	21	12
44	71	82	3	40	1	76	51	84	34
40	79	95	40	30	36	72	62	62	29
49	24	38	61	31	74	72	98	84	10
23	11	82	26	52	71	9	33	63	31
15	66	5	56	45	37	78	39	93	34
52	82	17	77	97	97	80	5	28	26
90	34	32	67	59	92	44	38	26	20
9	31	19	75	65	28	57	10	91	25
22	50	52	81	4	18	28	36	12	98
80	54	39	43	1	57	7	15	51	50
4	79	77	90	72	59	12	11	47	8
95	97	52	14	28	44	2	58	43	54
32	37	74	42	92	21	12	34	52	55
28	96	76	67	66	6	50	19	16	17
19	26	1	56	71	12	48	40	39	2
83	39	51	23	55	39	64	27	84	42
30	71	74	16	70	92	38	30	29	23
59	23	37	42	33	56	87	2	64	70
27	34	23	42	49	57	17	55	83	34
11	34	23	26	28	5	1	3	14	93
30	39	15	35	51	48	22	2	78	38
14	55	44	24	43	4	93	71	14	30
49	49	96	38	42	97	51	65	21	29
12	86	56	3	26	25	58	34	88	39
85	55	19	95	53	74	21	85	2	77
51	61	67	25	51	78	2	46	18	98
58	91	32	80	1	26	48	83	71	96
95	41	22	7	49	76	9	46	21	79
13	39	23	2	3	22	30	73	60	55
54	48	95	68	12	11	33	18	48	65
86	62	68	84	12	40	69	61	16	68
24	32	89	5	90	2	59	1	4	13
28	51	3	88	88	81	12	93	99	13
15	52	76	9	76	8	94	68	32	47
43	71	40	72	80	60	15	56	38	33
39	32	6	40	97	70	21	55	46	17
54	85	79	82	12	62	44	5	29	26
18	70	43	21	31	56	76	99	4	64
45	2	19	69	50	78	34	47	26	11
83	82	98	66	91	84	77	31	26	22
58	32	77	59	87	62	99	89	15	45
36	26	76	42	16	84	35	98	59	69
32	28	57	90	1	7	32	29	47	28
85	29	1	58	43	85	99	47	22	27
13	31	27	19	19	97	78	53	38	86
89	49	19	62	51	11	62	25	4	87
55	88	81	36	2	45	59	58	21	13
14	76	3	52	21	47	82	64	35	23
81	35	90	78	3	87	3	11	25	55
50	90	16	58	49	13	3	46	1	39
19	87	20	90	58	98	63	68	93	58
54	9	36	86	46	82	94	27	27	93
28	95	93	27	41	13	4	34	81	17
45	94	80	64	27	55	7	96	63	53
67	96	12	21	95	65	46	82	9	75
86	78	98	7	48	65	72	44	57	7
42	64	26	22	18	17	27	43	6	86
25	54	41	88	95	96	1	99	63	41
73	2	55	26	93	9	72	60	38	93
13	55	23	58	38	1	34	46	6	77
44	77	64	55	97	68	30	20	25	1
73	35	64	39	14	19	30	46	72	73
27	83	93	46	61	58	82	70	62	69
33	23	25	63	93	17	3	20	88	30
74	28	71	48	77	90	69	93	83	36
39	80	48	62	51	13	66	64	67	27
64	50	98	82	53	77	13	97	80	19
98	51	48	28	37	89	20	13	58	25
45	17	4	94	13	17	94	80	87	31
49	42	29	53	55	46	8	6	55	39
62	54	83	12	32	83	20	87	68	58
46	55	56	72	69	63	27	35	10	1
94	85	43	96	5	40	52	41	38	4
39	2	89	34	43	18	14	73	54	11
41	70	28	35	11	67	60	21	61	86
57	65	26	41	43	56	78	7	37	19
55	74	65	48	55	98	44	36	80	68
43	58	86	84	93	31	1	94	12	1
57	88	54	55	93	16	28	87	8	20
92	30	97	92	79	10	13	70	31	55
50	83	69	35	79	9	69	76	40	19
75	71	70	92	47	32	62	22	5	17
51	76	20	92	31	14	47	40	59	57
11	15	60	33	62	53	86	82	88	48
44	79	55	19	82	5	71	70	12	52
35	96	4	3	44	91	42	35	77	12
95	26	48	72	14	92	53	95	96	28
93	17	78	56	22	17	33	10	91	95
32	21	9	9	89	5	59	49	75	24
38	86	39	53	45	74	11	24	85	88
8	40	72	90	28	85	86	59	4	9
36	27	69	99	43	70	34	35	9	79
17	37	27	51	8	86	51	63	30	40
72	28	74	51	77	7	85	18	57	94
81	93	64	78	61	99	90	85	56	37
20	1	17	61	14	40	51	42	55	85
39	48	51	27	90	89	66	49	74	65
82	19	61	64	52	80	9	24	72	41
32	90	78	42	58	46	34	54	90	91
50	62	9	96	19	44	84	87	50	74
97	83	23	57	22	89	42	30	53	40
96	21	19	90	95	20	39	79	8	25
95	96	34	75	6	25	71	96	15	64
80	56	43	64	98	40	64	85	14	74
76	6	26	8	76	86	78	73	96	58
52	46	15	61	22	63	46	56	40	95
84	10	32	61	12	36	37	65	56	10
49	21	46	56	73	54	43	74	75	93
26	55	65	20	12	31	80	98	25	24
43	78	8	32	11	21	44	28	17	40
99	86	44	44	33	4	24	42	90	19
92	68	70	3	7	6	12	79	90	70
81	36	4	48	35	45	40	55	13	69
19	87	62	80	27	28	11	27	51	58
25	60	26	23	87	86	86	22	90	46
81	84	26	45	37	71	59	51	8	32
84	92	41	79	10	72	48	64	42	76
50	74	85	30	67	15	15	54	16	56
38	54	17	72	82	31	89	23	30	89
48	6	90	8	52	33	99	52	45	98
94	44	75	6	7	35	55	77	35	84
58	80	18	53	5	47	9	67	52	52
67	12	22	8	6	46	20	32	95	77
83	57	32	71	39	57	26	27	4	95
40	85	26	43	93	69	97	43	35	80
5	11	39	8	58	84	20	22	77	76
41	13	12	96	88	13	10	61	70	65
10	31	39	50	28	98	63	98	62	41
84	58	97	38	25	86	57	48	96	84
43	93	14	52	48	6	58	34	87	40
51	73	39	44	39	29	84	67	18	15
41	76	30	72	86	19	6	42	97	26
57	78	33	64	52	72	58	7	72	97
68	91	84	97	3	79	5	98	16	46
53	10	23	60	39	9	81	91	55	35
99	4	60	27	28	46	5	94	61	79
31	29	64	55	18	99	97	5	39	80
92	52	1	18	22	54	25	94	70	7
35	99	30	60	40	52	77	27	94	75
90	69	9	38	5	13	3	7	47	19
47	91	93	97	25	28	97	74	73	17
32	2	40	92	58	79	40	63	34	70
66	54	31	71	97	58	91	31	99	61
39	43	55	42	39	18	92	90	78	76
38	90	94	61	59	61	55	13	79	38
72	90	21	64	16	14	24	54	78	71
42	94	32	35	65	33	46	31	10	67
51	1	46	30	39	59	85	64	23	52
6	92	55	71	73	40	61	9	96	2
50	77	15	34	91	25	54	48	53	53
87	86	30	25	60	98	6	97	91	71
1	35	85	90	51	90	53	50	21	32
87	10	96	37	65	14	86	38	2	30
80	74	59	10	27	48	51	94	34	54
11	4	89	7	98	43	93	82	42	75
23	86	81	80	35	23	75	60	9	74
71	72	90	18	37	93	23	35	48	37
50	26	20	26	25	32	16	58	43	42
82	36	43	95	98	91	2	15	16	70
30	90	95	74	31	79	10	83	67	84
19	48	59	79	79	76	38	11	74	49
14	67	77	62	23	38	43	69	56	62
44	7	83	62	27	69	14	22	83	85
51	62	71	42	89	43	26	57	89	80
52	1	33	8	51	40	27	39	85	21

