500
10
29	99	26	94	16	63	77	22	72	81
36	18	94	48	70	90	84	76	22	18
99	97	95	11	21	21	43	39	72	66
2	28	22	47	25	36	26	90	87	44
99	91	66	39	57	55	63	92	73	77
92	61	33	1	86	45	48	46	9	61
88	83	32	35	56	25	1	32	90	50
9	12	8	31	28	31	70	28	90	36
45	52	44	66	23	57	7	92	52	91
12	55	69	61	22	58	72	87	45	41
95	47	69	81	52	14	54	66	82	67
26	71	8	48	77	28	16	95	16	81
78	23	57	78	47	93	93	45	70	66
36	79	21	39	94	97	43	30	80	33
63	86	24	31	93	33	70	51	31	26
68	73	89	60	63	87	62	14	57	59
49	59	65	97	40	24	40	91	52	34
52	59	66	45	26	19	10	74	83	11
24	40	47	84	10	10	74	45	71	97
47	13	32	55	44	63	78	45	19	56
49	83	52	58	48	45	47	21	20	49
85	94	76	98	53	33	6	60	53	82
85	69	1	95	98	58	26	57	78	91
31	42	92	89	45	11	69	20	86	76
86	39	42	42	59	8	99	63	21	66
76	88	21	1	39	16	94	13	86	29
58	62	59	69	75	23	70	44	65	74
48	16	80	67	81	44	61	61	9	15
84	86	12	5	6	43	95	51	37	95
71	85	15	79	55	18	38	29	75	92
69	33	4	51	95	43	92	76	40	41
3	11	99	97	37	7	10	19	17	69
57	68	9	25	54	89	79	68	55	82
94	45	49	9	10	59	76	3	28	69
81	22	52	30	85	52	3	85	61	48
27	63	90	99	95	58	18	31	51	15
96	15	68	97	97	90	51	85	2	54
77	74	79	43	27	41	8	60	39	81
35	80	30	19	62	60	97	80	58	33
41	84	42	14	79	92	17	52	39	1
27	8	65	84	83	70	62	49	50	92
79	52	38	33	8	2	48	46	7	63
96	74	53	26	64	48	61	75	1	13
61	53	84	55	64	21	76	91	92	22
56	13	28	43	72	33	64	43	65	53
17	40	19	71	78	73	29	11	26	85
42	13	42	10	38	24	14	47	30	65
58	5	51	30	24	56	43	1	20	60
45	48	48	73	43	34	62	18	36	43
28	2	61	30	48	86	37	78	14	3
79	14	10	16	44	27	37	76	76	97
99	44	81	44	93	30	45	97	96	17
99	85	68	20	77	1	11	39	17	63
14	34	34	97	7	70	55	95	37	40
29	30	22	37	88	53	12	16	33	16
59	77	47	4	24	78	36	6	17	18
13	31	46	5	94	36	39	48	45	52
12	91	89	43	13	58	79	23	69	23
82	65	92	67	3	56	11	40	95	9
94	90	62	66	19	73	80	4	18	61
19	60	88	61	46	76	27	90	19	7
25	30	27	81	17	25	90	21	13	72
59	80	26	12	67	80	21	17	6	6
58	11	47	37	53	80	15	54	10	12
80	52	63	81	51	7	5	93	36	65
40	62	63	20	62	88	7	35	68	70
45	25	93	66	50	96	56	48	33	38
91	87	76	9	73	25	4	96	90	12
4	14	66	65	31	78	10	58	86	51
58	75	10	79	73	6	7	80	33	1
94	38	10	35	26	45	89	67	64	7
82	61	58	78	52	76	43	68	55	27
74	30	79	14	8	42	34	74	12	63
28	8	34	47	60	26	79	93	14	67
41	99	13	12	50	28	65	50	9	64
42	79	8	1	60	15	87	49	12	64
86	98	56	25	82	24	7	62	48	51
71	81	80	77	10	48	49	52	15	73
9	55	73	18	23	71	55	48	76	64
87	19	27	34	4	83	62	76	3	28
97	70	50	91	14	32	6	13	10	58
81	66	16	10	94	36	65	21	86	47
54	16	30	16	71	62	69	36	60	50
12	62	66	70	58	89	58	76	1	2
58	25	83	50	93	56	15	51	12	75
89	32	36	69	86	72	97	39	29	13
7	98	14	83	73	96	97	33	17	46
16	84	69	5	47	71	91	14	1	21
19	58	69	59	22	89	34	79	38	76
14	24	31	2	62	81	10	68	58	52
24	62	91	1	81	39	7	26	70	50
80	21	40	95	25	29	50	93	44	55
42	75	14	19	3	4	4	58	75	41
34	91	14	83	87	26	17	84	48	86
42	5	88	96	31	99	75	8	53	16
56	58	97	40	27	17	90	94	46	38
4	69	39	17	13	21	48	83	71	84
8	99	40	92	31	76	66	86	48	79
36	96	48	42	72	63	80	26	66	60
55	75	82	36	46	78	15	11	62	55
29	81	72	3	41	14	33	54	9	85
88	62	45	14	2	11	80	68	97	5
83	68	56	8	61	40	7	11	19	60
83	61	63	84	16	36	74	79	97	35
3	28	76	96	70	28	51	66	46	18
64	46	40	29	37	46	4	18	22	42
44	59	94	95	70	29	34	54	66	78
61	30	91	67	69	37	42	66	49	1
95	97	81	21	34	10	72	4	91	9
81	92	45	89	79	64	8	36	64	31
81	43	91	42	59	77	14	85	31	62
14	77	38	5	91	74	30	44	95	21
19	34	79	79	9	62	16	83	61	77
46	66	1	11	86	75	44	87	58	19
26	98	58	45	97	99	54	41	4	67
93	14	94	60	58	24	47	4	39	20
73	42	39	80	15	89	56	11	35	63
46	76	46	27	20	94	60	65	71	49
59	37	49	71	42	95	72	7	5	63
5	20	68	29	10	27	2	59	94	43
42	64	47	64	44	79	64	24	56	2
67	22	70	23	64	81	42	5	32	78
66	9	69	20	67	46	7	45	45	98
20	66	68	84	21	88	43	17	84	91
19	18	23	66	91	75	52	12	86	11
62	72	89	15	7	51	21	56	82	19
6	30	8	42	34	85	96	36	90	40
61	76	82	9	39	94	98	23	18	63
99	57	94	51	79	46	16	34	8	29
55	24	22	39	84	49	86	59	73	89
1	68	55	93	34	96	62	95	78	31
60	63	68	86	18	15	53	94	1	68
99	23	29	48	20	52	28	41	23	45
92	17	8	29	55	32	83	22	2	46
35	37	60	33	99	59	76	8	60	27
4	87	45	81	50	88	92	97	88	57
63	37	64	49	98	95	39	97	8	66
29	25	78	5	54	72	25	44	80	90
22	88	35	39	40	76	17	6	34	15
62	27	3	64	54	24	4	61	18	33
46	37	21	68	32	49	64	93	41	38
46	79	82	71	86	30	99	36	97	77
31	17	86	7	70	59	67	27	6	62
99	85	1	27	64	19	15	54	61	46
63	55	25	53	38	10	49	80	8	75
13	34	58	40	79	25	49	71	19	70
36	88	2	53	67	80	55	96	55	30
27	65	8	4	61	21	84	4	82	65
74	43	6	83	22	44	36	3	73	84
32	16	10	32	62	2	49	67	22	50
74	31	92	27	44	33	65	29	27	82
60	50	3	24	63	80	78	54	87	48
25	71	57	13	74	99	10	20	50	37
86	28	64	76	96	88	46	25	70	87
64	40	62	31	65	9	48	72	81	91
47	87	14	82	99	3	45	48	30	89
63	15	72	65	82	10	37	70	8	66
57	45	94	44	78	71	88	50	32	52
44	20	28	45	16	80	17	87	25	19
50	9	31	33	6	50	58	89	1	88
65	10	49	50	62	56	99	60	3	86
26	58	32	99	45	32	2	7	11	54
97	81	50	94	17	61	98	90	45	11
54	24	32	54	2	39	77	55	39	34
90	73	2	77	54	69	13	62	54	20
57	7	31	92	44	61	45	96	4	6
85	53	27	22	41	78	80	9	99	76
18	41	51	88	82	4	29	51	70	7
26	76	25	7	9	46	10	38	84	10
55	10	97	26	11	80	44	73	24	22
48	43	55	51	18	30	37	10	42	6
51	23	26	85	3	18	3	63	4	30
10	69	30	63	6	2	72	43	61	66
6	99	32	74	69	72	3	37	34	10
79	51	83	6	43	9	54	40	79	73
62	31	78	75	72	23	71	50	84	42
32	36	95	16	56	47	28	62	45	38
44	42	27	33	34	80	87	41	66	83
12	20	59	26	72	57	76	44	86	11
98	43	63	27	53	45	98	19	59	9
38	65	19	14	54	30	10	93	8	19
69	37	88	86	13	98	91	93	54	28
84	83	47	19	10	38	84	84	84	35
42	67	21	33	3	28	12	83	20	12
85	16	74	37	98	58	84	87	31	23
67	23	27	1	19	91	87	35	63	14
93	5	52	41	87	50	35	90	79	85
52	29	88	40	51	8	84	56	62	71
13	74	42	64	21	36	88	75	19	78
13	91	73	63	24	9	94	87	63	27
79	56	94	85	37	64	58	19	97	18
43	25	65	20	86	2	34	92	91	84
33	34	88	78	33	13	19	66	5	91
40	31	41	3	82	77	44	88	40	85
70	66	31	76	99	94	14	87	80	90
57	9	35	82	52	37	38	40	36	10
98	5	21	47	37	21	23	37	41	7
56	67	71	96	33	7	63	81	81	46
58	75	56	18	91	13	67	72	56	84
88	65	13	73	67	4	51	74	15	21
84	84	86	42	89	98	89	24	94	76
50	32	3	45	58	25	67	63	82	72
63	38	2	82	50	38	65	50	38	80
44	14	47	61	74	28	59	90	8	4
73	16	15	67	39	96	77	40	56	44
77	19	52	82	1	3	44	12	74	61
97	81	65	25	48	51	23	20	12	98
73	59	93	87	77	13	52	79	47	2
26	95	58	60	63	85	89	73	27	20
10	62	63	27	63	93	24	79	70	88
9	13	86	52	4	84	40	66	56	57
12	98	24	79	28	77	33	69	37	89
56	1	2	49	86	15	3	38	99	66
66	43	10	12	12	87	32	4	49	39
77	22	42	3	24	61	31	9	76	53
92	57	46	84	91	24	51	68	4	16
63	96	63	2	25	83	99	43	33	77
39	58	45	74	83	85	3	66	5	51
92	38	66	27	12	2	83	74	85	71
77	32	19	44	36	50	75	97	75	37
70	16	72	90	35	57	61	43	27	82
5	32	29	71	26	32	13	53	96	85
82	37	5	29	91	32	38	89	57	42
34	5	4	51	19	43	44	31	69	1
78	44	96	42	23	56	77	56	45	70
59	75	62	98	90	70	95	77	95	61
37	45	51	51	1	56	90	21	90	99
13	36	29	87	93	39	43	85	31	40
59	79	78	93	98	44	75	71	3	4
39	30	22	37	76	33	71	21	13	47
36	66	99	14	32	59	70	25	13	60
26	90	21	24	88	6	80	99	45	36
93	8	23	84	30	60	88	80	45	70
51	84	21	71	15	75	73	95	94	17
59	88	64	91	39	90	66	60	91	36
82	77	84	8	85	98	28	95	67	17
22	43	85	75	30	46	54	74	99	20
72	97	38	67	40	86	37	11	5	58
92	97	58	81	40	35	2	40	77	90
68	33	92	62	72	29	99	41	14	58
7	77	35	34	51	93	35	48	47	88
25	95	6	96	55	20	75	10	56	19
72	97	7	67	84	87	27	6	48	47
7	37	35	91	54	13	75	4	29	4
93	14	85	61	92	48	7	49	17	52
97	61	82	81	65	61	5	11	46	65
5	30	79	94	16	47	18	92	82	39
20	40	85	48	80	27	98	53	9	73
67	52	65	73	37	69	9	62	27	64
67	63	80	65	13	91	77	15	12	48
8	65	81	63	34	63	67	59	37	34
46	72	34	84	40	10	5	9	5	42
16	91	28	26	13	12	4	8	42	3
27	3	69	12	39	89	12	15	80	97
96	97	12	41	60	53	66	67	78	72
31	56	18	26	49	69	5	26	91	51
55	23	17	26	18	85	56	46	11	50
16	74	25	92	10	32	56	79	22	40
96	97	70	19	72	22	85	50	72	70
61	80	10	74	46	56	28	78	20	93
64	97	20	43	34	19	60	48	36	22
84	7	37	10	34	6	6	19	67	86
6	74	50	79	78	75	43	46	84	43
47	59	73	96	73	1	74	70	42	58
4	4	41	22	79	95	43	83	9	37
32	99	11	93	46	85	28	48	98	34
35	74	3	76	27	7	99	88	67	79
89	1	15	52	33	79	21	62	74	54
22	45	19	48	80	78	67	19	34	12
59	45	33	23	12	79	67	81	25	76
77	7	14	43	49	21	21	51	57	58
59	66	49	67	33	55	26	56	67	63
4	56	97	95	30	17	96	25	59	50
15	15	47	37	98	6	19	37	12	41
6	1	31	44	99	84	80	70	89	67
80	17	30	65	17	65	61	20	19	38
19	60	30	9	64	99	10	94	50	76
53	69	57	36	27	82	63	37	71	19
38	27	15	7	39	79	53	4	14	75
70	61	59	70	51	24	4	61	15	8
47	99	10	75	98	95	56	36	16	67
23	18	52	10	27	31	56	75	46	69
60	63	70	5	42	61	86	73	55	61
40	80	79	78	76	10	89	93	27	4
29	58	52	94	94	97	68	4	46	15
93	23	23	98	40	14	87	51	68	63
95	51	28	5	48	24	32	37	40	80
43	84	83	7	7	47	15	22	81	15
34	9	73	30	12	83	46	2	91	89
33	89	67	86	73	87	86	72	63	65
9	69	57	49	55	68	39	36	13	21
97	45	68	51	53	16	90	1	84	25
60	19	83	99	40	3	43	92	39	41
79	57	12	81	97	95	35	95	60	69
17	82	89	48	84	60	61	51	98	32
74	83	82	25	76	45	94	58	54	54
43	62	8	89	32	16	19	29	98	29
41	56	7	85	59	51	28	48	53	81
88	3	81	54	37	7	11	59	64	7
59	10	2	13	59	69	86	86	42	66
88	73	31	22	90	62	38	8	33	15
33	2	90	6	24	35	37	94	84	94
5	65	77	35	50	34	92	66	15	31
97	24	45	21	68	31	30	41	77	96
55	76	25	59	32	26	18	2	42	24
41	52	1	91	23	82	75	20	17	67
12	69	9	36	91	25	62	37	10	96
92	55	50	35	10	34	25	40	42	69
27	47	75	32	23	89	91	71	61	32
15	50	77	96	74	10	20	94	83	66
64	7	68	10	32	3	27	59	34	71
22	81	80	86	93	98	94	72	45	79
7	47	87	35	65	64	6	20	64	76
36	34	58	40	12	93	46	31	65	79
12	62	73	88	15	29	81	33	55	27
92	74	93	33	9	34	11	50	23	52
64	17	52	56	34	92	78	47	79	77
3	45	51	35	49	56	57	2	29	53
46	89	62	3	69	25	45	29	44	29
92	31	89	2	67	13	97	44	57	94
46	40	81	85	80	15	70	17	80	84
19	47	41	26	29	83	44	43	80	65
63	79	90	90	54	35	85	45	54	79
28	98	62	8	12	73	18	49	72	6
18	56	91	20	65	94	46	95	86	77
25	3	31	50	59	33	17	82	92	86
87	53	53	46	4	59	59	75	60	3
88	90	65	96	96	45	78	28	57	8
20	93	32	76	74	57	48	94	89	37
77	68	96	84	64	24	54	63	56	73
30	65	30	19	78	32	81	35	70	90
49	74	2	78	16	29	20	29	55	25
22	15	69	73	54	78	88	2	1	22
71	54	20	21	20	82	23	8	22	99
36	77	81	20	25	76	39	45	54	4
96	72	68	85	94	49	1	71	48	19
56	67	44	92	95	21	75	54	54	63
50	11	39	18	6	72	12	24	14	86
94	91	86	16	52	9	72	56	72	81
29	69	30	98	95	17	50	5	72	74
8	92	85	53	20	83	15	4	89	32
31	74	89	92	54	58	85	51	31	97
8	96	45	63	25	31	13	55	37	26
43	20	85	56	62	57	17	60	60	95
29	7	96	87	54	38	68	71	39	85
55	12	32	79	1	70	81	58	62	57
27	70	43	81	59	63	18	18	57	91
50	23	57	50	49	28	56	87	27	63
12	41	56	62	94	32	92	97	58	38
18	28	47	13	80	60	35	3	60	29
76	42	3	35	55	9	70	14	16	67
21	5	97	36	11	93	59	7	90	39
35	32	35	97	21	34	81	57	98	38
58	18	47	14	10	81	42	97	53	60
12	92	1	5	47	53	52	8	97	38
8	55	66	68	29	61	91	83	71	68
21	89	12	24	98	19	98	53	34	91
33	62	2	91	29	77	38	64	80	16
70	14	54	84	37	98	44	72	99	37
16	69	86	66	15	40	7	38	68	91
95	6	20	71	6	31	74	55	78	72
53	78	27	64	5	52	59	5	19	16
27	87	85	29	4	87	5	29	52	33
21	39	28	4	56	56	95	79	37	18
15	5	46	18	62	78	3	53	56	23
17	96	52	81	94	44	57	91	98	57
72	51	86	50	96	35	31	75	98	11
4	80	68	89	23	17	61	1	83	49
72	64	66	43	85	26	84	87	58	44
48	73	78	44	42	54	34	94	20	49
50	24	30	71	35	56	67	59	36	94
68	95	98	82	11	69	32	41	89	13
91	35	91	70	48	19	18	8	23	80
86	57	80	73	83	46	89	93	18	10
66	28	30	28	95	79	37	64	76	61
12	69	47	14	45	96	30	6	29	72
56	92	6	13	29	67	42	32	50	43
22	11	37	13	37	81	6	53	84	41
72	4	49	23	39	85	94	77	42	56
13	85	78	59	91	82	46	58	93	80
46	89	40	56	33	15	79	82	16	12
75	81	99	58	85	64	89	31	7	85
79	77	36	56	50	73	83	97	12	40
72	17	79	73	46	2	90	42	79	75
91	44	29	26	96	76	81	56	24	95
36	39	36	5	33	55	18	92	56	89
47	60	20	5	49	81	79	58	99	97
91	59	8	4	40	57	52	36	69	21
78	60	82	53	74	72	51	35	75	88
95	55	14	94	98	8	3	70	20	10
56	75	89	67	40	9	42	84	35	65
68	76	99	31	27	2	89	49	8	63
67	95	80	44	36	34	96	59	26	75
20	53	75	31	75	21	78	24	78	81
66	2	96	18	61	11	38	12	59	6
85	42	11	37	86	41	93	52	40	66
80	48	64	84	89	61	35	20	49	50
99	76	85	5	70	70	1	9	79	28
29	16	37	13	31	20	19	93	99	64
6	70	42	95	53	41	66	45	59	91
34	43	65	88	72	11	11	22	47	28
92	89	5	88	49	72	58	4	94	15
57	69	4	41	92	3	32	27	52	5
12	34	55	23	63	88	50	34	42	75
72	70	98	37	72	32	40	36	26	61
94	96	7	17	89	36	78	66	14	4
6	99	6	30	71	17	65	74	66	10
75	48	2	27	15	92	92	14	70	72
1	60	97	17	29	70	33	55	92	40
9	64	39	36	50	12	79	82	29	58
74	62	62	23	62	22	26	97	2	15
57	31	40	39	96	8	4	24	22	70
97	49	86	61	99	7	73	25	14	50
56	95	99	94	64	40	84	12	48	27
73	23	20	44	75	4	61	36	19	13
37	65	16	20	92	59	60	35	85	83
58	10	91	92	30	16	24	74	61	78
20	51	28	85	98	65	73	24	88	98
62	29	9	14	40	35	73	63	57	93
99	63	5	69	35	40	22	36	53	8
62	7	23	29	94	12	57	7	35	69
71	28	24	19	6	85	21	96	91	43
89	72	34	5	29	30	5	37	55	76
48	63	42	57	56	26	29	38	69	64
69	63	68	13	94	61	72	36	41	56
96	40	76	91	19	33	4	6	86	99
96	39	7	8	70	81	34	98	8	30
55	48	53	82	4	72	71	8	43	15
51	1	27	88	27	17	20	90	39	81
56	67	1	67	73	4	87	1	66	36
32	42	83	26	58	8	43	48	68	95
98	6	61	40	46	27	21	74	6	74
13	75	99	51	73	8	31	15	24	26
8	65	78	56	31	68	44	68	44	85
75	90	7	93	55	62	38	53	36	49
96	90	97	93	11	1	60	22	8	95
92	4	39	83	58	78	64	21	87	14
9	53	19	74	48	95	61	51	66	73
35	39	59	63	23	84	91	59	11	47
81	35	11	38	49	39	80	63	29	83
6	95	52	18	95	35	39	13	49	75
7	6	60	47	12	56	12	38	1	24
81	16	79	10	62	31	77	23	72	97
18	69	13	9	44	83	74	38	39	5
77	92	73	47	34	3	19	68	88	33
15	30	60	92	73	38	8	23	10	37
67	81	39	85	80	1	89	76	86	29
62	20	57	99	50	25	49	26	33	93
54	15	67	35	60	56	43	41	10	18
39	49	51	51	10	95	33	80	24	83
93	50	60	18	54	2	47	86	76	6
58	47	56	68	51	5	77	4	68	7
21	9	85	43	96	86	33	52	21	65
12	97	76	53	36	48	6	9	37	31
5	92	53	40	15	28	98	60	97	76
51	22	75	16	72	8	83	30	16	28
73	76	44	89	1	11	57	35	50	78
97	91	95	91	58	53	61	65	96	14
17	55	81	92	44	82	71	7	75	39
47	50	56	94	98	77	59	77	97	95
95	57	57	4	60	66	69	1	25	18
75	58	31	71	66	68	76	39	28	88
22	62	24	82	53	4	22	41	43	65
56	82	51	70	26	67	11	9	49	3
97	84	24	81	25	48	80	36	4	8
52	44	15	24	20	88	46	44	9	51
68	92	11	38	51	22	81	69	14	80
12	4	11	49	51	39	94	45	66	90
67	94	36	82	86	82	6	67	64	73
81	6	20	61	53	65	84	38	88	67
7	74	22	19	77	37	32	16	20	82
41	12	17	86	35	45	4	50	3	42
59	3	68	60	83	94	59	42	28	22
30	73	82	34	25	44	69	84	35	85
46	16	42	31	22	89	85	22	26	87
90	32	41	51	68	12	97	8	46	80
57	99	25	92	34	43	48	57	44	56
61	45	88	28	65	36	82	62	49	14
51	7	8	54	58	62	24	46	42	89
53	36	58	74	28	96	75	97	57	11
61	21	67	22	61	65	57	36	48	11
43	88	1	44	26	82	1	19	5	76
32	74	12	27	63	79	26	86	55	21
72	69	36	54	97	52	65	86	69	13
69	73	14	77	98	17	79	32	67	86
24	87	83	39	37	47	72	43	34	29
48	19	1	48	56	88	65	94	87	56
61	39	9	86	72	36	29	32	29	18
45	58	68	94	92	92	20	33	72	59
61	27	25	29	17	71	8	25	20	66
93	81	76	49	47	49	47	49	63	99
24	42	57	86	22	81	45	96	33	8
20	90	26	27	2	36	66	44	61	67
86	70	72	64	92	20	62	60	69	28
8	63	60	61	44	36	84	72	33	30
92	13	57	80	53	66	14	61	26	18
19	48	3	15	97	99	80	83	98	8
22	7	1	65	76	7	33	72	10	30
89	13	80	51	28	96	92	23	18	30
14	20	29	68	87	5	37	61	53	98

