200
5
64	66	53	93	60
52	61	74	84	32
2	18	51	29	5
49	44	52	96	37
20	87	33	6	88
96	82	35	71	55
64	61	97	54	60
70	97	20	69	97
79	39	23	98	78
36	27	96	13	50
7	10	35	91	41
48	29	31	24	20
81	56	44	73	61
70	51	72	64	95
65	44	76	47	42
30	98	26	19	30
68	69	36	47	81
61	25	98	3	2
40	29	11	82	11
15	30	3	51	84
39	97	28	40	49
5	63	62	31	12
27	91	68	38	9
19	32	66	27	93
99	64	21	70	61
75	16	4	28	31
75	69	92	55	55
9	80	65	20	79
42	29	29	32	96
11	66	8	69	35
53	86	67	39	20
18	12	90	95	42
43	83	45	52	81
9	50	48	40	46
15	53	93	25	81
27	1	78	73	5
26	2	79	51	65
67	35	97	41	83
26	56	5	56	9
67	23	93	32	70
41	7	8	85	74
5	48	36	7	51
15	22	68	91	99
54	39	98	22	80
82	25	21	72	53
74	57	25	14	95
34	33	95	53	83
73	5	79	24	70
44	2	58	71	50
84	62	65	45	24
45	88	91	19	52
11	96	73	32	17
67	92	22	82	23
16	28	78	60	45
3	5	83	61	35
34	54	45	29	51
40	87	15	65	66
31	77	1	89	2
90	16	49	96	1
29	72	64	54	12
68	18	93	24	46
25	15	70	3	4
68	81	3	51	69
95	62	52	30	27
52	21	13	92	62
77	33	65	6	45
60	75	4	37	96
12	60	18	92	29
74	1	61	89	5
86	38	21	6	78
9	51	63	39	65
89	76	44	14	30
24	89	38	36	32
93	37	45	77	93
71	87	2	68	97
52	7	79	6	76
88	24	39	59	17
28	86	2	18	75
53	76	91	78	75
23	4	65	78	44
48	32	74	66	40
73	36	48	57	63
42	37	36	95	49
7	74	77	77	21
87	28	70	95	86
8	7	42	94	60
95	67	63	39	88
31	50	64	25	44
68	40	64	39	84
49	21	88	35	88
82	31	14	40	34
58	15	38	7	66
92	76	71	66	55
47	39	6	88	15
83	46	80	85	51
91	96	91	52	28
7	4	46	1	41
61	9	21	63	7
49	96	52	50	74
65	92	3	7	54
65	73	35	58	68
90	60	87	59	82
59	30	97	48	34
94	90	5	48	3
97	94	19	54	59
61	68	92	60	51
63	85	58	90	60
83	36	47	88	42
54	52	90	36	32
5	40	42	23	53
10	86	58	23	48
4	54	79	71	56
12	71	62	79	58
50	79	16	69	95
21	72	80	72	14
51	97	40	69	70
90	35	11	13	98
52	87	1	38	21
37	23	90	48	21
94	78	73	69	4
77	36	53	33	6
48	79	66	29	6
25	75	60	40	58
8	18	4	63	29
75	2	52	13	61
14	8	43	43	84
11	26	11	34	79
20	85	99	40	98
58	51	70	47	12
97	22	49	53	60
29	25	64	75	89
53	55	88	35	61
53	23	58	68	18
11	34	58	89	53
97	28	55	13	98
91	10	57	23	7
42	44	35	95	65
19	67	32	8	37
86	54	75	65	88
68	53	99	22	19
24	38	22	10	38
21	38	59	58	38
7	93	90	53	63
31	41	65	99	14
57	14	91	21	33
6	3	93	82	32
90	32	81	75	61
26	78	17	17	79
4	41	44	50	20
97	93	27	92	74
4	25	50	68	78
14	95	48	82	58
22	90	38	92	87
21	33	92	54	24
22	91	18	17	25
38	65	47	18	61
64	40	35	66	47
54	33	37	54	6
15	34	91	76	9
47	7	85	10	97
88	50	82	28	23
58	7	40	44	90
53	74	10	23	16
93	53	65	26	3
4	2	28	55	30
83	83	70	6	96
39	76	22	93	20
50	37	36	6	79
36	22	68	75	96
75	62	17	96	91
35	75	61	27	11
86	80	23	20	31
36	74	7	61	88
71	65	4	72	5
43	38	4	68	40
46	69	48	26	27
48	85	66	34	20
16	21	24	2	85
91	25	25	7	71
45	45	60	4	24
31	90	2	34	31
53	55	79	51	94
8	92	62	66	35
15	36	63	34	36
10	49	72	85	81
46	47	38	36	38
37	26	9	8	81
87	4	88	35	62
25	43	40	83	20
96	83	37	29	46
21	92	49	15	15
99	26	26	14	80
67	94	73	57	78
23	31	57	59	97
16	59	26	71	23
5	84	37	55	62
50	15	96	65	48
40	2	98	68	38
5	25	33	10	35
67	48	80	33	8
