200
5
68	48	71	49	42
55	64	5	54	58
10	13	80	4	93
91	26	22	99	10
98	55	35	69	27
1	85	7	85	12
14	55	98	44	69
84	59	32	96	34
84	79	96	43	84
77	37	1	30	53
19	54	64	6	6
80	98	7	21	48
82	44	44	81	48
74	36	75	19	48
8	30	34	21	26
16	89	42	70	39
9	76	90	90	97
36	18	79	16	51
77	43	43	94	86
25	12	98	78	49
72	75	94	52	68
1	84	65	75	85
94	37	53	24	21
58	34	65	36	71
27	55	3	87	90
84	56	29	25	45
34	1	2	96	63
98	79	12	50	33
96	12	34	73	38
52	40	32	39	64
89	29	19	69	5
87	17	73	5	94
68	48	42	76	82
64	79	59	15	38
34	91	10	89	68
57	63	5	16	16
28	34	51	86	92
70	15	63	16	50
95	22	59	21	3
24	42	48	52	22
56	36	56	84	75
95	37	46	44	34
91	84	80	34	46
91	77	68	92	38
32	79	41	5	45
23	61	86	20	15
23	90	92	82	97
32	88	10	45	94
81	36	46	28	93
4	21	86	16	53
53	73	43	24	49
78	41	53	32	5
44	91	59	31	18
97	58	49	70	10
79	69	77	54	84
65	90	13	5	21
80	18	21	57	84
49	80	39	66	31
79	96	85	83	68
30	6	19	61	44
14	24	24	45	88
62	11	7	32	5
5	52	77	1	17
74	74	86	74	62
66	78	3	82	32
34	76	31	86	81
13	78	82	8	99
78	51	91	61	83
97	89	15	73	13
81	96	25	16	4
24	49	24	16	61
32	97	68	33	59
37	32	47	90	19
61	48	56	73	57
4	50	80	7	66
33	50	54	26	53
93	70	55	7	72
39	8	23	97	88
63	38	68	16	78
34	24	6	22	61
77	18	83	45	91
94	68	53	39	65
5	43	88	85	12
90	6	8	90	89
53	6	97	34	29
84	13	14	20	67
36	86	76	55	27
3	71	4	50	31
19	15	81	77	66
59	39	10	35	57
54	86	23	5	89
92	28	92	96	91
96	4	93	72	22
10	71	69	39	10
36	96	94	35	36
88	70	70	15	98
60	29	30	62	7
4	24	81	61	48
42	51	83	1	68
85	4	81	80	15
5	4	82	55	11
62	35	7	68	77
59	77	92	35	46
60	99	17	14	96
13	63	71	85	8
58	30	80	54	12
4	52	47	71	61
29	42	69	71	41
62	56	23	84	95
43	98	24	78	68
5	76	1	50	39
2	11	62	81	52
16	13	70	38	76
99	14	5	23	26
84	58	79	35	18
67	45	46	69	5
14	29	36	33	72
89	47	20	90	53
7	74	42	8	30
65	62	43	19	77
95	32	98	44	84
93	55	10	82	10
13	36	22	50	60
71	93	97	54	38
74	26	67	48	64
99	2	66	16	8
75	87	39	38	6
49	61	60	94	89
88	79	26	74	5
23	49	43	55	72
8	66	4	59	70
8	46	31	81	27
77	68	11	72	55
61	61	51	32	66
15	33	58	5	7
81	73	74	18	48
23	87	76	55	38
18	88	74	78	87
32	34	74	33	49
53	43	25	33	71
8	42	79	43	1
87	9	62	28	84
78	32	43	88	55
30	25	74	74	61
98	39	4	54	14
88	45	79	65	13
11	16	7	44	9
36	96	69	47	84
10	7	78	97	87
3	73	69	53	69
8	82	44	19	24
67	12	27	98	54
18	88	47	96	10
8	56	35	33	93
18	20	48	40	92
9	96	94	46	65
83	75	69	25	53
40	34	18	18	80
21	98	28	40	2
30	22	99	82	63
1	52	42	36	24
87	35	15	86	82
73	97	76	83	17
97	88	96	29	33
13	56	15	21	18
66	64	72	73	19
18	93	92	12	18
4	69	64	79	1
50	10	12	87	44
54	31	20	96	4
89	59	62	88	79
84	41	86	4	93
25	38	30	64	17
82	13	98	9	86
22	94	69	97	86
27	68	60	32	90
44	41	78	9	68
38	95	38	6	83
8	57	26	57	89
15	41	66	86	82
94	25	59	75	28
65	19	2	81	20
67	45	18	46	96
15	86	76	21	71
48	6	44	94	92
41	2	59	97	47
57	9	52	10	12
63	20	86	35	93
76	32	53	81	51
11	61	97	31	54
66	48	15	48	38
65	77	61	20	15
46	43	96	97	19
6	83	89	35	73
63	88	22	65	98
72	3	69	52	33
6	36	76	85	34
40	13	7	11	10
95	42	33	77	9
12	24	93	18	77
