200
5
88	84	41	11	16
93	24	8	99	26
78	99	16	9	28
54	98	10	98	66
48	24	99	77	62
89	57	83	31	24
7	71	84	62	12
46	38	96	3	41
22	14	8	14	26
64	41	7	90	74
33	45	47	5	84
76	28	62	79	24
49	11	17	42	27
60	81	26	8	51
98	7	84	36	98
69	68	36	78	87
66	24	49	80	12
25	88	42	28	1
93	28	78	59	73
38	7	41	91	99
1	29	61	35	81
94	31	35	11	44
40	38	45	32	10
69	56	65	98	75
22	26	38	49	41
43	17	37	24	32
69	25	49	93	71
69	24	35	38	46
27	53	28	2	18
68	40	99	54	84
23	97	94	63	43
50	89	44	73	93
97	87	9	49	63
37	12	18	25	17
27	97	33	93	52
51	22	32	10	23
71	24	3	59	83
83	7	96	43	68
30	13	50	2	99
73	61	66	77	33
10	36	50	71	65
50	58	76	23	82
69	74	46	73	10
29	53	42	86	90
55	31	91	82	82
5	31	72	48	82
38	4	1	41	41
99	83	46	1	62
37	48	5	75	45
29	78	89	95	81
45	76	39	69	67
4	34	46	35	17
82	28	21	91	50
83	26	9	83	71
21	12	20	11	78
31	60	40	82	93
27	51	88	18	4
43	69	94	90	67
7	88	93	41	21
64	82	33	3	58
39	86	95	12	49
96	68	49	9	10
16	51	57	61	51
92	6	30	58	66
62	79	66	20	4
75	23	45	73	40
18	67	30	50	32
21	71	63	74	2
62	6	68	17	2
4	38	36	35	94
50	17	90	11	2
1	36	81	90	47
96	14	10	96	9
83	49	53	93	13
53	80	82	32	19
65	54	54	10	22
4	63	94	73	89
48	64	25	19	41
42	47	61	59	39
62	31	13	11	96
92	88	27	42	87
22	45	85	8	81
82	82	58	57	60
87	86	14	98	33
21	7	27	6	30
79	84	68	17	86
5	62	49	91	85
19	58	96	98	91
2	89	29	14	25
95	97	28	17	31
18	80	20	4	56
4	54	67	19	22
5	54	12	46	75
79	93	9	40	28
7	23	12	86	44
95	77	53	77	6
82	97	92	5	65
33	55	50	48	2
23	2	48	82	14
7	31	12	3	5
45	52	39	61	91
43	1	29	6	54
49	76	21	34	37
35	89	35	13	26
43	69	70	78	4
84	98	7	76	22
41	68	33	33	66
50	51	15	98	24
62	54	43	87	52
5	33	84	45	46
8	73	43	66	60
43	46	11	21	69
34	94	70	34	87
25	66	71	77	27
31	60	4	59	36
82	37	48	54	39
66	40	58	90	71
48	82	78	41	18
82	29	71	92	21
40	37	37	48	68
59	80	79	57	56
45	27	25	78	72
98	71	28	28	98
56	98	83	59	96
37	47	26	96	23
36	41	6	42	9
85	7	39	63	32
94	79	30	38	4
10	68	15	72	56
45	45	9	52	14
50	59	23	9	14
23	80	30	8	22
95	63	53	16	79
71	10	63	56	10
12	78	2	75	41
21	8	37	56	96
24	31	39	88	38
85	35	45	32	6
26	1	54	62	55
29	64	52	82	89
61	1	40	82	50
55	18	18	85	96
15	5	64	38	44
81	66	98	37	8
23	86	14	29	7
70	18	31	26	82
31	34	12	37	4
52	55	83	57	25
62	18	58	90	7
31	74	28	65	37
70	98	25	36	8
30	90	78	1	8
72	1	25	89	17
73	80	90	43	53
13	34	99	67	20
12	89	26	50	37
69	22	70	71	69
12	2	31	87	77
20	88	47	23	31
73	66	63	69	79
73	91	53	83	19
38	14	4	84	72
84	86	64	32	80
39	6	19	27	37
10	95	10	10	96
69	61	69	83	19
98	59	74	39	1
39	48	57	59	96
66	36	37	17	89
67	5	55	17	46
82	75	21	42	76
29	21	83	63	5
82	55	22	7	66
42	44	72	50	25
83	67	66	33	15
21	87	37	7	41
92	82	81	52	23
34	62	27	16	29
49	7	57	85	66
59	71	22	62	16
63	4	25	72	4
3	92	87	5	27
20	38	21	53	3
11	79	13	33	56
15	15	74	81	75
90	56	26	38	48
61	22	41	48	49
80	38	84	70	73
90	85	9	62	2
81	42	8	22	26
19	72	19	94	82
24	75	64	94	19
36	90	9	33	62
88	62	75	85	93
70	19	30	41	34
76	49	3	93	71
16	18	90	12	45
97	21	4	2	37
59	41	71	40	73
12	21	91	90	36
