200
5
17	30	28	15	52
37	26	82	67	82
22	2	88	57	17
71	29	33	64	66
79	98	69	23	62
37	67	28	9	57
69	92	92	1	58
53	51	66	2	91
59	53	92	43	42
64	82	30	73	69
11	86	67	94	48
67	47	53	96	46
27	36	93	78	18
64	23	45	14	94
59	34	7	32	83
31	66	70	23	48
43	43	58	83	81
42	71	58	29	57
56	31	17	75	93
88	36	41	55	67
71	41	56	91	19
86	6	34	44	65
6	28	62	46	49
54	43	81	59	45
92	18	44	11	22
75	64	95	20	92
83	28	50	68	41
2	13	88	3	38
60	7	19	17	26
62	13	50	55	2
83	93	25	59	90
73	93	88	18	79
55	56	1	31	17
3	72	6	84	61
71	71	45	61	81
34	28	29	55	67
40	95	2	46	18
13	96	54	77	1
62	55	71	59	36
56	58	81	98	31
28	66	22	23	85
53	3	57	18	92
71	77	16	17	6
5	80	88	70	78
73	2	5	73	83
95	82	52	38	39
23	86	23	13	74
49	16	21	77	77
17	29	21	74	85
81	24	58	79	88
88	89	96	51	25
62	96	37	48	33
35	99	46	16	36
78	15	78	93	32
90	49	87	29	82
36	78	91	28	98
46	48	9	6	3
98	64	96	82	46
75	3	93	40	68
36	63	98	9	11
74	14	31	88	30
86	95	78	51	75
67	88	20	48	42
87	9	75	1	93
68	61	18	4	36
1	24	34	77	97
87	38	48	48	1
87	50	49	6	63
7	47	69	1	86
34	42	88	32	54
1	30	30	79	33
91	97	34	40	71
7	49	22	14	1
6	79	81	20	18
46	19	50	86	75
3	80	40	40	55
45	30	73	25	62
55	24	91	94	21
92	58	7	73	71
67	43	1	44	80
13	6	71	98	5
30	95	72	94	48
27	43	8	61	87
19	99	68	65	22
51	22	49	44	5
86	99	7	75	71
20	11	47	4	69
95	99	90	17	75
79	60	59	1	72
48	42	39	12	36
83	33	49	78	54
91	68	28	51	24
78	78	22	55	55
41	26	10	53	5
61	77	96	96	40
90	1	2	92	56
57	13	88	82	8
4	67	90	20	19
21	87	69	22	7
68	31	44	13	12
87	49	74	40	44
62	90	16	43	66
69	6	90	23	39
79	76	7	30	41
69	94	14	16	60
35	76	47	76	11
25	79	48	30	31
68	66	36	59	65
14	51	62	64	16
9	14	1	72	67
74	89	63	61	19
61	87	86	13	69
58	1	49	81	56
81	65	48	25	96
52	53	3	90	78
93	19	51	67	36
44	21	80	21	56
57	98	86	70	12
89	90	97	96	37
81	45	4	99	1
69	77	58	64	50
98	54	79	68	43
78	86	28	61	58
70	2	19	36	13
3	3	93	57	55
70	88	88	86	87
62	39	44	10	20
81	56	74	57	84
61	24	18	88	28
65	91	95	59	59
65	86	2	73	65
33	80	22	43	56
62	58	7	25	2
19	54	82	37	36
57	57	52	70	41
82	42	17	97	7
78	32	59	29	23
94	5	42	33	25
65	43	51	99	81
14	80	79	34	6
9	86	93	96	67
29	47	65	65	5
70	95	27	90	89
90	86	25	52	71
86	40	60	95	86
12	31	72	3	48
40	61	29	64	50
12	12	55	21	54
64	64	58	16	21
32	17	22	70	83
18	52	58	67	27
11	56	61	13	38
40	35	89	96	79
14	60	67	57	71
22	75	14	7	53
49	10	10	30	2
95	50	40	96	9
82	66	11	98	49
7	53	99	72	79
19	58	7	31	39
95	12	20	11	28
39	66	78	36	39
71	81	6	10	70
34	51	71	20	72
89	75	48	26	70
63	71	39	67	38
85	46	58	13	48
60	88	7	60	57
91	58	17	50	11
49	73	63	28	38
46	27	73	32	37
10	26	43	49	56
19	38	14	54	64
50	48	66	46	64
65	8	59	15	68
41	14	75	49	27
58	58	96	94	36
62	89	28	63	94
45	44	12	96	65
67	16	99	43	89
64	20	63	73	23
6	69	19	19	93
77	67	26	19	14
94	80	8	81	57
24	81	72	82	93
38	82	55	69	60
73	27	67	13	82
59	5	1	85	16
61	44	23	32	69
14	38	35	34	57
59	53	6	57	8
83	16	89	69	52
3	48	93	63	98
46	16	88	49	67
16	31	86	56	19
56	79	37	37	56
40	75	53	54	38
7	14	45	60	75
79	67	32	97	69
55	70	69	44	14
