200
5
79	63	83	65	35
23	55	95	94	52
2	35	73	77	46
94	95	87	47	86
66	20	65	42	25
87	22	59	67	73
2	7	14	6	17
19	96	91	70	40
50	58	79	42	66
25	10	95	26	21
36	4	39	49	24
87	73	74	64	94
55	76	52	60	86
14	25	13	14	35
68	45	10	3	58
11	80	93	36	66
14	89	56	17	30
58	97	98	61	97
17	99	71	11	44
34	46	20	98	81
88	80	49	14	43
98	37	68	76	63
53	3	8	94	43
7	41	28	49	50
2	20	56	7	86
15	7	9	99	50
89	12	69	20	96
46	61	22	73	35
15	37	28	87	67
42	1	55	92	36
66	97	99	78	96
50	66	28	14	60
28	88	86	62	65
45	56	47	99	53
18	63	18	94	86
72	64	4	22	45
23	25	29	45	88
20	67	40	44	95
2	99	60	36	86
46	20	21	88	98
68	55	81	76	46
98	7	52	61	78
2	19	2	62	74
65	22	31	7	26
69	47	53	50	43
80	85	66	67	63
87	52	46	50	29
60	62	8	45	67
22	81	63	63	83
3	14	70	31	62
85	98	36	83	68
24	96	92	52	80
95	91	40	89	55
95	25	96	53	41
36	65	45	9	17
2	61	35	27	5
67	34	45	56	71
71	33	94	10	48
18	27	13	74	44
18	95	95	76	22
32	15	84	13	69
15	31	82	26	21
72	27	81	80	47
30	45	77	76	37
41	86	25	15	90
29	39	84	89	63
71	50	63	86	25
51	22	20	94	53
1	26	58	74	32
71	50	97	72	60
27	69	53	44	15
98	9	96	4	40
15	98	30	63	42
73	39	63	19	27
87	61	26	12	24
49	4	18	76	9
97	57	19	60	44
74	79	3	13	57
29	80	84	50	25
50	24	46	45	92
32	81	70	99	10
13	28	50	85	47
55	38	49	15	76
40	14	90	84	87
4	92	64	18	91
82	86	23	65	25
89	85	38	30	17
43	87	63	73	77
88	70	87	25	24
10	2	19	19	51
13	8	8	88	89
93	26	48	2	69
58	56	22	83	90
60	56	74	26	78
2	91	82	49	21
30	74	67	58	13
73	88	16	72	40
84	56	74	26	55
51	58	57	43	40
80	74	2	68	91
92	93	37	49	83
9	18	18	50	76
53	35	12	96	23
77	76	45	79	40
84	43	49	47	55
57	58	9	54	15
27	34	77	9	10
26	26	85	81	6
95	79	57	26	70
61	36	97	76	21
5	29	52	59	57
67	69	19	69	40
88	99	27	5	43
37	97	90	74	37
2	52	33	49	75
32	62	78	41	44
94	76	58	11	95
18	51	86	62	33
82	41	11	28	41
39	9	33	4	82
99	56	47	18	21
88	65	68	59	27
68	84	35	40	64
33	21	60	72	95
86	66	4	1	41
34	95	52	11	21
75	10	52	96	45
30	90	38	3	37
51	51	81	83	52
35	86	21	31	7
40	30	21	7	97
10	41	89	59	65
82	70	46	53	24
1	72	48	77	55
26	81	65	94	52
3	72	31	28	17
51	8	43	43	51
31	28	28	20	81
74	68	86	71	76
87	39	77	80	44
52	76	88	76	22
79	15	26	23	48
51	96	99	54	24
36	61	36	73	18
46	85	30	50	29
5	22	98	58	93
12	29	66	45	18
65	67	9	88	79
58	69	95	19	74
78	96	73	44	22
50	14	73	49	29
51	93	95	30	87
12	20	8	1	67
99	27	72	40	50
38	84	52	79	30
72	78	34	78	56
73	73	65	28	17
39	38	21	91	22
10	49	56	61	6
35	6	11	18	1
44	58	60	18	24
96	5	91	90	39
68	34	94	20	21
51	84	94	47	93
9	45	76	46	13
89	98	32	45	83
72	74	71	59	44
16	25	17	14	48
42	83	53	49	70
24	62	50	14	34
99	29	90	68	77
62	99	36	88	82
30	48	6	24	69
49	97	42	43	14
91	18	74	87	85
31	61	17	82	48
98	81	45	96	67
90	74	26	21	12
70	48	57	46	15
79	46	33	93	24
47	47	51	29	88
4	96	48	12	81
95	1	45	94	95
78	27	21	96	26
49	45	79	40	25
35	52	54	84	31
39	9	22	35	47
27	39	32	45	30
53	5	9	38	53
55	2	22	84	19
11	1	26	17	68
6	32	68	43	6
40	80	80	91	68
51	23	35	25	34
45	16	86	18	15
45	17	7	8	3
29	29	92	41	17
29	31	30	78	62
96	65	17	37	28
46	27	71	66	14
