200
5
51	25	97	83	42
36	56	99	11	9
26	21	2	73	69
84	11	68	4	37
92	3	20	73	72
80	36	65	98	46
39	42	74	9	50
29	32	26	36	54
63	84	19	86	87
95	68	27	50	39
46	59	34	20	6
19	22	44	38	65
66	62	32	92	91
98	50	1	16	92
90	72	6	76	95
41	76	62	63	48
9	80	57	18	21
11	20	85	93	19
96	95	23	32	80
69	18	6	65	53
33	21	69	2	81
71	45	39	40	84
64	60	58	81	40
90	83	82	92	28
13	65	12	65	71
45	83	28	51	33
83	55	71	49	41
53	59	23	39	76
3	31	52	10	70
94	90	12	83	48
87	52	93	68	75
11	2	97	36	11
26	35	48	80	10
66	86	66	33	73
58	68	6	38	32
54	93	44	41	21
20	23	93	83	17
50	75	39	61	46
19	79	69	77	75
49	34	27	61	54
68	51	72	97	51
54	46	81	2	57
26	25	86	59	15
35	54	60	82	30
93	8	52	5	20
6	49	13	35	98
76	68	31	62	89
61	56	34	81	36
76	25	91	71	89
65	92	56	27	8
58	1	7	4	26
31	79	85	10	47
60	62	71	75	75
52	1	54	58	3
18	45	60	74	1
45	84	92	86	47
9	22	83	39	97
18	35	67	38	67
73	61	16	84	13
79	64	4	15	14
24	9	28	88	66
96	36	92	77	4
23	29	81	5	60
53	15	76	6	73
38	74	63	42	33
79	68	77	22	70
20	78	47	1	27
51	92	74	61	8
45	94	95	64	83
50	73	23	16	99
56	43	70	37	27
64	17	6	18	47
30	82	12	1	53
21	36	4	2	75
23	81	74	50	79
4	66	90	4	6
86	66	68	16	99
63	83	86	99	36
19	87	19	51	34
6	30	35	74	66
83	91	25	56	77
98	63	72	2	38
42	24	77	62	43
72	98	2	56	52
80	9	44	59	97
68	79	60	75	8
66	85	52	54	42
58	4	82	92	95
41	14	62	18	57
48	50	98	21	84
85	60	33	23	93
52	59	7	96	19
28	87	42	55	71
76	98	98	32	51
74	28	52	9	44
34	77	35	24	18
96	11	96	70	16
18	26	83	16	63
2	14	13	13	77
85	44	37	49	81
35	9	64	63	26
57	32	28	97	39
78	57	30	40	47
18	93	56	84	65
47	50	38	12	16
4	46	57	21	47
71	84	91	16	3
33	28	24	48	62
32	66	38	53	56
32	62	73	31	41
57	17	32	22	11
92	25	7	72	42
89	41	70	28	34
13	6	62	69	56
24	94	5	39	95
60	87	90	10	99
45	36	57	53	78
69	94	41	59	78
24	40	63	77	69
70	64	57	13	47
80	76	25	12	52
82	43	93	73	24
11	27	76	22	66
38	13	5	29	73
60	37	61	13	65
74	35	46	96	6
11	93	82	4	17
71	31	58	45	96
81	84	71	32	62
6	84	8	40	25
21	74	18	75	68
89	71	17	39	34
34	80	91	86	38
41	73	94	63	99
97	19	17	52	41
62	63	3	62	46
53	51	41	56	75
75	27	6	70	26
68	73	44	78	65
9	91	58	85	59
64	59	48	89	41
1	92	82	98	45
66	69	25	9	61
26	31	91	5	47
45	71	58	90	99
97	75	87	9	32
43	26	13	69	87
6	98	8	73	44
90	68	19	24	8
23	1	89	67	50
14	74	89	13	38
51	58	1	49	74
69	6	88	25	59
24	30	39	12	57
86	63	54	94	7
61	30	87	14	77
57	50	39	2	52
74	36	93	98	86
76	72	48	73	83
63	37	93	51	54
28	98	1	7	73
87	99	25	58	75
14	30	66	20	97
26	2	98	39	5
4	2	54	33	94
10	95	92	65	29
82	90	83	33	92
65	45	81	43	47
91	84	90	1	86
39	86	36	73	58
26	88	84	24	23
55	18	55	6	34
89	94	82	32	64
89	24	19	28	9
65	26	38	99	31
79	94	39	42	93
77	63	5	71	90
48	15	1	62	9
84	81	50	75	2
44	21	44	15	96
10	22	38	75	39
82	50	56	7	26
36	80	5	82	99
1	10	74	66	83
55	33	31	9	54
96	51	29	13	34
56	37	21	40	81
43	21	12	40	8
24	41	14	90	81
76	38	75	48	43
2	12	95	97	27
31	10	1	11	51
5	49	32	29	13
30	12	93	10	87
74	50	56	42	34
60	28	27	88	42
99	58	71	73	16
7	4	29	21	19
97	33	28	40	99
26	80	46	26	6
