200
5
91	3	26	16	53
23	29	31	35	53
99	65	7	98	66
12	40	88	8	74
22	51	75	63	76
38	79	15	68	6
26	20	37	18	76
67	13	10	80	95
57	12	13	68	11
2	19	57	46	15
73	84	68	21	54
71	15	91	4	47
54	56	32	95	94
75	80	28	60	55
65	69	98	2	63
28	48	4	56	56
85	75	77	50	74
43	7	28	55	93
40	5	24	31	34
66	91	54	69	8
35	25	13	73	62
84	9	91	35	52
47	13	69	10	11
37	18	55	75	50
65	59	13	49	27
11	56	98	33	73
81	57	13	41	87
32	21	74	65	7
23	25	46	83	31
77	78	99	71	63
17	73	50	37	83
46	89	50	95	79
41	3	26	46	19
85	26	22	34	6
74	81	5	59	36
82	24	79	50	31
87	86	33	65	28
62	8	41	17	19
49	66	78	93	80
93	25	15	91	5
99	49	78	10	77
84	87	40	97	5
45	31	23	42	25
98	15	68	95	13
50	99	55	3	87
77	1	64	86	8
25	52	11	17	92
10	46	42	85	89
69	27	86	4	21
53	17	16	54	56
39	8	96	12	49
62	84	67	10	75
75	94	97	61	59
81	36	34	33	70
24	21	48	70	68
99	61	55	97	36
78	8	59	55	9
6	9	14	78	9
70	78	86	7	25
75	19	54	72	2
22	36	19	90	73
18	68	60	38	73
87	61	55	37	32
37	68	1	30	60
17	11	28	24	25
20	90	59	17	12
84	5	70	76	15
7	97	51	35	75
84	35	67	36	56
79	3	55	26	35
29	76	20	75	78
22	9	56	69	15
29	49	4	67	35
44	85	30	80	22
74	10	33	47	10
2	19	67	40	34
23	84	52	82	28
83	71	24	87	49
79	8	66	86	26
91	67	18	29	29
17	23	92	77	66
80	11	5	10	19
39	74	58	43	33
64	32	65	97	9
30	37	67	37	92
73	52	80	25	98
7	69	27	23	35
53	68	82	28	73
98	34	49	40	91
88	9	8	69	69
92	5	53	31	35
31	69	18	63	92
46	41	31	1	79
92	8	2	92	74
14	50	17	78	90
51	18	74	91	90
77	97	4	36	58
65	49	53	30	99
8	57	48	96	27
32	63	18	18	90
53	1	52	42	49
52	73	41	88	19
87	39	23	28	57
88	41	87	99	4
44	87	6	20	7
20	98	44	31	5
89	48	47	49	36
69	39	54	39	89
73	74	84	9	87
49	87	31	11	75
93	88	33	70	38
7	4	44	13	19
62	98	25	93	83
4	19	2	60	64
54	94	56	12	98
55	25	72	7	85
46	46	41	69	84
37	27	9	19	89
47	70	87	62	38
43	85	79	44	52
20	42	63	25	75
61	18	40	96	50
32	92	87	22	77
85	62	23	61	41
93	22	3	54	19
23	38	35	95	91
73	82	92	72	14
12	48	55	67	12
76	23	6	66	82
38	98	80	44	33
13	25	27	6	58
85	73	77	30	8
79	34	99	42	97
22	94	63	21	99
81	10	92	22	27
75	73	89	65	1
7	47	16	75	1
27	95	24	71	15
87	18	23	92	50
96	69	52	90	25
45	29	62	4	85
94	11	72	94	40
12	42	36	86	26
39	98	2	75	93
59	82	71	61	17
19	98	62	5	39
12	86	9	89	72
85	96	40	27	74
99	90	93	65	9
81	24	3	4	66
5	6	13	98	79
17	18	34	89	77
17	43	54	17	10
30	25	29	20	7
36	20	71	89	62
73	34	67	12	30
87	34	59	96	99
44	58	77	98	40
37	47	64	48	44
12	76	19	37	86
97	79	63	58	86
47	66	15	72	97
7	12	36	73	60
91	26	53	34	91
24	95	8	2	87
76	27	39	27	6
76	74	38	4	16
65	4	8	45	6
97	82	48	1	46
32	36	56	30	36
99	38	96	99	87
83	9	68	75	66
70	76	47	87	43
17	69	95	31	15
88	18	43	81	33
42	38	54	61	85
63	72	58	6	55
54	46	79	22	73
10	57	3	27	53
3	45	36	26	35
5	95	9	28	46
75	26	78	41	81
92	70	28	49	57
13	37	34	32	18
27	42	12	60	43
13	31	72	22	84
35	42	22	79	95
63	88	54	96	41
4	22	54	88	81
46	21	16	61	31
60	83	18	46	46
44	31	76	84	39
88	72	94	80	64
64	17	56	98	36
13	50	31	99	37
82	37	97	97	94
67	33	18	60	15
33	90	72	89	7
64	85	12	5	93
19	88	83	70	61
