200
5
27	37	15	76	32
36	58	30	35	4
70	7	65	82	15
14	22	42	4	2
97	31	12	75	87
81	18	72	68	35
3	48	87	80	7
30	29	2	32	67
73	49	12	76	98
81	39	32	11	75
34	77	94	83	90
93	2	38	66	65
74	24	36	2	25
57	79	49	6	30
73	9	3	14	75
41	77	72	53	4
81	28	83	78	57
76	39	69	18	38
81	76	33	95	55
57	9	89	2	28
48	10	62	84	15
92	77	12	17	88
80	79	17	49	38
36	79	39	19	71
5	44	93	20	21
99	34	25	22	87
61	56	7	79	7
80	91	58	9	28
53	93	10	56	21
56	89	53	64	79
92	49	41	29	1
54	26	55	8	76
57	53	87	59	35
53	26	22	65	57
85	37	92	57	75
21	43	86	34	65
65	96	72	1	9
50	37	77	49	53
76	7	42	12	11
41	94	99	43	75
61	36	96	60	34
66	80	42	31	23
88	7	18	48	44
30	40	6	3	95
62	49	95	83	81
40	57	64	20	31
46	54	11	93	50
35	78	61	44	77
25	11	47	99	43
46	41	13	96	13
45	70	31	1	39
44	25	23	9	12
83	15	72	4	72
59	48	51	79	35
75	25	58	56	65
20	87	46	38	79
88	18	19	1	99
84	81	8	40	51
38	35	46	88	52
71	81	3	54	5
47	42	62	71	80
33	18	48	15	52
33	20	93	59	73
84	63	68	9	15
48	80	52	57	97
59	37	1	58	35
67	89	90	23	53
73	18	16	21	72
8	72	58	5	93
36	84	36	41	36
55	95	60	9	88
41	80	63	31	93
3	43	26	81	64
78	9	89	25	27
79	80	56	87	60
79	74	17	91	92
80	16	36	29	86
67	32	86	30	6
89	93	65	50	26
33	85	66	63	98
90	96	84	55	10
18	57	58	17	46
6	19	27	3	47
82	2	13	24	61
38	28	43	81	39
6	35	16	76	45
24	60	39	28	99
99	12	48	2	50
2	77	29	58	36
67	42	75	77	70
73	21	25	24	4
21	70	7	16	72
50	64	79	49	56
31	87	41	77	67
33	15	32	7	42
29	38	70	4	83
2	6	67	17	12
45	90	87	5	53
16	32	31	11	70
14	17	15	82	53
95	32	86	31	84
79	53	44	9	19
69	86	17	55	43
67	29	31	36	64
92	60	55	95	8
77	23	90	52	75
65	96	3	79	75
93	34	19	73	94
88	33	78	51	39
98	41	81	57	57
35	64	23	40	89
89	56	39	62	16
94	34	82	72	9
30	43	28	86	90
17	83	11	46	34
91	54	43	98	69
83	24	33	70	58
46	65	59	59	35
49	22	8	8	60
92	98	37	52	18
48	77	48	28	72
79	55	79	15	64
40	54	13	40	96
36	17	29	44	92
11	46	6	8	12
15	75	21	31	96
44	80	87	81	85
41	67	13	54	30
28	63	42	59	36
30	87	63	76	21
79	7	72	62	1
59	87	8	73	41
42	5	6	16	59
31	63	22	37	32
36	2	49	39	75
21	87	51	89	45
75	90	69	90	38
93	83	95	39	91
56	5	92	90	93
21	64	44	12	43
19	16	31	58	91
96	32	42	69	73
91	14	63	20	79
48	68	55	81	56
40	41	99	46	76
51	8	40	86	9
8	59	67	60	10
66	52	4	51	36
90	68	51	99	43
63	20	63	7	60
4	51	18	4	67
63	99	73	10	87
61	6	45	79	1
8	72	4	89	7
78	69	30	80	85
82	80	71	63	32
9	25	12	29	52
47	7	85	80	73
41	19	20	54	99
91	87	41	99	38
33	83	22	45	97
61	72	37	59	32
56	78	53	69	72
44	74	32	10	89
16	63	90	67	54
3	21	25	45	10
87	81	19	49	74
92	93	9	92	61
60	85	22	64	61
91	5	51	76	45
82	46	45	53	80
88	71	43	4	99
65	98	44	43	47
28	49	25	29	89
95	99	4	73	8
88	21	33	98	23
35	78	11	76	5
93	97	73	31	27
29	68	99	66	46
60	48	1	11	44
43	68	75	10	41
22	16	98	51	73
10	37	50	27	84
10	80	24	84	20
60	56	61	79	47
8	10	91	78	49
1	80	13	40	10
10	54	57	51	78
67	73	45	10	75
43	84	99	39	66
21	80	83	54	17
69	40	59	31	20
57	93	56	67	86
65	27	83	65	93
50	96	52	63	93
83	11	24	91	88
33	56	64	44	90
14	6	99	42	79
32	57	27	40	78
68	55	95	77	87
