200
5
7	88	69	22	26
3	75	74	83	5
45	17	88	19	53
44	86	93	8	1
54	77	19	62	56
36	83	26	40	85
79	27	92	71	21
40	65	76	48	8
10	58	16	49	47
51	15	16	40	66
39	28	55	83	12
45	23	10	57	4
96	50	71	68	50
30	73	20	50	44
89	36	46	99	16
70	2	43	89	37
96	46	9	90	73
32	49	57	40	46
55	51	85	1	8
98	44	5	26	88
15	97	41	72	42
79	26	85	35	61
92	58	61	35	13
9	88	33	23	27
49	40	25	40	91
11	31	82	83	83
57	88	91	85	87
44	36	22	83	47
55	53	49	53	26
91	59	89	97	98
23	17	33	99	60
13	86	37	20	84
23	72	37	41	57
80	88	20	58	20
69	61	60	42	36
74	47	82	62	51
4	80	70	99	68
40	65	18	76	35
19	47	17	95	31
93	18	12	25	82
86	98	44	2	93
45	12	91	48	79
2	51	58	16	68
65	81	3	87	94
79	70	79	33	26
17	3	24	24	96
28	45	16	22	99
90	87	42	5	86
5	89	77	41	69
67	15	20	42	58
71	13	31	69	82
28	90	42	62	37
47	40	34	59	15
56	85	87	47	49
19	19	69	88	18
92	99	81	92	28
57	52	37	3	68
52	44	2	53	14
77	94	90	45	90
4	34	96	5	15
45	35	68	87	76
94	53	98	2	33
81	86	3	98	31
61	32	12	98	88
56	3	7	20	3
97	20	20	69	2
44	64	86	70	14
86	14	21	77	40
61	24	34	51	25
64	80	4	50	56
64	57	95	65	98
95	75	44	27	67
63	59	22	79	1
27	5	31	75	59
9	26	71	14	89
49	21	23	92	10
31	25	52	98	56
14	97	92	50	68
67	24	21	85	46
72	84	96	9	77
49	48	22	52	29
74	3	88	40	32
46	1	87	2	51
84	84	24	27	68
6	78	17	13	8
48	21	82	22	83
19	25	1	70	31
56	54	65	93	68
65	30	22	62	65
18	45	77	62	50
91	52	38	45	86
57	54	20	88	60
31	19	77	53	69
19	17	64	82	18
85	57	49	24	23
37	1	46	88	76
92	17	74	22	75
28	60	96	28	53
83	95	56	93	72
61	87	94	30	7
51	36	81	61	5
97	30	79	34	32
14	14	49	68	81
36	41	94	43	59
30	3	3	87	28
11	44	59	2	88
2	88	66	45	56
20	22	85	68	20
65	37	69	11	13
67	29	7	14	93
7	70	22	25	24
56	81	68	81	36
67	58	89	11	58
96	17	50	91	49
46	93	28	37	44
27	81	56	20	27
42	34	55	4	42
48	49	69	57	71
30	33	90	50	51
89	72	29	55	89
5	84	33	34	28
53	2	54	14	89
70	1	19	64	11
44	11	72	90	94
94	56	86	74	92
97	91	29	80	93
26	29	42	29	39
87	46	56	13	59
79	68	76	67	84
11	7	24	61	81
44	75	79	22	30
11	18	77	9	69
46	98	56	32	19
86	32	35	68	49
35	42	22	60	44
44	89	91	49	19
9	91	95	48	51
25	16	41	7	11
48	83	41	76	16
86	47	23	13	7
85	30	10	87	31
90	1	78	2	88
58	18	50	20	17
72	64	97	98	29
90	16	90	2	16
81	58	95	22	2
18	5	74	68	52
2	42	1	33	21
10	1	28	6	38
93	22	21	63	49
15	60	69	40	53
2	48	20	18	9
78	31	89	87	41
41	60	46	80	55
40	82	92	16	25
99	87	79	34	13
78	84	33	61	4
78	3	26	13	74
74	34	92	83	52
41	75	66	85	90
64	40	39	76	5
60	71	16	75	40
32	26	93	54	51
30	86	84	9	29
66	65	16	21	17
30	33	59	96	8
58	94	33	88	91
54	30	18	21	85
78	41	11	17	77
65	64	17	53	20
69	22	7	4	93
13	91	68	72	65
86	71	15	23	83
43	41	51	11	35
6	54	78	39	23
61	56	52	64	4
17	11	30	20	27
57	47	75	54	19
45	7	11	12	71
94	5	79	35	15
50	8	75	1	91
18	32	66	24	73
67	79	98	14	36
20	11	88	5	16
42	32	8	74	70
45	26	45	90	62
67	3	74	40	65
21	26	15	52	77
64	36	99	66	83
79	15	55	53	25
92	5	90	92	98
66	71	84	42	63
9	28	56	23	47
80	91	50	47	11
67	69	19	14	38
59	41	81	12	29
68	11	18	12	31
72	71	41	70	63
51	70	1	56	35
10	66	46	39	97
