200
5
3	87	18	32	43
78	15	30	28	20
97	28	48	63	84
19	65	53	90	51
34	7	69	30	29
19	84	45	94	64
17	61	28	81	41
75	41	52	19	13
35	24	4	58	61
84	18	52	57	25
44	74	14	75	14
73	72	77	9	85
93	12	6	46	13
90	47	35	88	11
39	8	63	76	12
93	61	19	29	34
68	13	43	33	75
66	75	43	52	58
77	6	4	53	37
17	2	1	52	52
60	15	92	34	19
6	13	3	23	92
50	56	73	61	99
44	22	44	59	96
23	2	2	41	75
95	93	12	23	65
19	31	30	29	1
59	84	10	52	51
67	48	22	28	39
84	84	46	7	45
27	19	24	27	16
97	30	39	38	25
72	44	46	36	49
58	75	4	7	84
1	80	93	52	44
29	89	64	45	8
17	61	82	76	65
94	78	27	49	58
88	89	20	5	40
44	78	25	98	21
75	53	69	94	52
30	6	8	64	30
89	54	87	70	59
24	30	35	51	98
20	46	42	45	48
69	95	4	74	62
25	84	88	80	2
61	26	4	93	40
44	77	43	83	46
76	18	74	29	28
82	98	9	98	25
13	87	15	9	87
59	75	57	66	67
58	23	92	49	36
61	61	16	35	87
11	83	85	97	73
49	12	1	49	19
5	73	8	42	87
6	61	43	84	44
43	28	44	37	92
17	72	26	67	39
3	22	54	87	13
42	38	13	71	48
38	72	10	84	68
61	16	54	23	20
48	68	81	78	91
19	91	75	34	95
3	10	30	62	54
59	58	34	5	29
72	11	16	33	82
60	94	73	5	27
71	24	67	72	83
18	75	57	49	75
67	16	44	22	77
52	21	64	95	99
72	89	7	35	57
47	32	54	29	98
80	49	30	72	69
70	73	81	87	62
80	82	97	13	15
4	91	69	74	3
63	86	13	97	16
77	64	89	8	11
3	8	96	28	36
82	36	68	46	99
97	55	3	22	95
49	89	12	51	34
23	37	24	71	2
86	10	50	70	94
47	58	90	45	83
46	48	53	91	4
73	1	66	3	53
17	54	76	16	5
53	43	20	16	69
47	75	97	26	85
30	53	4	55	22
5	13	84	17	30
21	70	67	16	10
94	15	53	22	86
99	57	3	8	7
47	78	37	97	16
20	51	92	60	50
71	59	11	58	92
49	39	5	9	4
86	15	70	71	68
34	87	68	29	26
21	89	97	15	21
31	68	2	58	58
42	44	3	55	48
40	57	18	91	28
86	68	42	30	75
21	6	13	46	55
56	55	12	96	31
30	10	3	46	36
40	32	34	99	93
84	34	96	89	45
2	38	82	39	19
93	27	3	27	58
5	81	23	67	41
68	80	94	28	99
68	88	20	66	45
56	64	12	88	63
78	98	17	55	88
48	87	81	50	59
64	59	69	1	40
55	89	78	53	71
54	39	4	90	99
24	91	10	31	20
81	78	16	52	21
17	10	55	3	71
8	94	51	27	80
64	22	4	81	91
39	12	18	12	30
44	89	13	84	7
46	28	11	42	88
23	92	93	19	78
22	18	8	5	91
81	51	88	4	20
12	92	53	7	15
55	51	7	29	31
46	14	24	43	80
57	55	66	93	46
46	35	46	38	11
18	27	40	74	43
54	35	95	6	17
15	74	6	99	26
23	95	10	92	78
5	11	51	94	24
79	5	52	67	42
2	21	72	17	14
86	70	13	90	51
30	65	43	10	98
84	53	93	77	34
80	59	53	93	4
19	43	35	27	37
39	11	55	14	99
94	15	46	4	53
35	23	28	36	15
66	98	52	84	16
75	85	17	57	77
5	68	19	31	17
52	82	79	69	27
64	43	91	12	52
57	46	52	30	15
19	45	33	35	50
49	26	4	17	21
63	62	16	86	78
67	78	75	41	71
92	43	94	93	1
46	36	2	10	47
5	56	27	94	82
83	65	62	91	56
70	10	72	71	46
69	29	2	67	10
82	56	23	50	79
84	11	42	89	93
92	76	48	1	27
8	81	61	56	16
55	31	66	42	75
96	10	96	94	44
9	69	27	36	1
8	89	9	25	60
30	36	26	67	21
17	29	19	40	73
68	73	23	19	92
82	68	13	14	89
16	69	25	79	51
56	5	65	47	55
97	61	37	30	20
59	75	52	80	33
67	37	7	64	55
86	26	19	24	46
97	35	30	74	73
62	67	63	3	43
80	87	36	24	55
94	62	56	83	66
74	40	65	11	87
6	79	53	89	64
92	49	87	78	92
20	76	7	49	73
