500
10
21	55	92	5	15	46	81	98	49	86
24	44	84	50	80	57	15	36	34	19
14	32	96	51	2	56	31	43	30	69
21	33	45	84	30	83	27	55	94	12
33	5	95	43	4	60	67	14	48	17
35	85	8	8	69	63	79	11	77	1
34	27	57	95	66	8	32	20	36	30
15	98	33	96	75	14	49	94	8	7
48	42	98	61	97	35	33	53	39	71
45	93	34	79	64	17	94	97	81	75
45	6	40	89	89	4	52	5	5	34
64	17	82	21	49	66	99	63	50	23
4	95	16	66	28	3	92	87	7	93
62	40	47	80	99	26	23	98	68	87
89	62	86	36	51	94	10	67	15	67
59	68	54	42	93	5	42	27	85	66
23	26	45	25	13	73	97	47	19	27
20	6	3	92	59	21	95	6	28	60
12	27	78	9	68	70	46	86	99	31
37	30	80	29	89	51	32	90	14	10
25	99	77	64	62	78	44	20	3	74
10	84	6	62	15	8	47	55	33	27
35	78	44	75	44	50	56	58	85	28
29	80	31	93	68	97	16	37	32	3
36	89	7	30	41	75	25	16	93	87
4	79	18	32	27	54	80	61	64	96
76	12	1	32	45	86	73	42	38	70
90	95	97	85	79	62	18	91	14	78
78	98	20	48	65	2	77	37	72	14
69	8	76	23	97	24	1	66	93	19
38	19	35	26	12	59	41	58	65	77
99	71	12	96	92	90	15	26	42	78
67	74	49	78	28	34	61	14	23	27
96	75	60	11	47	45	90	10	11	24
82	95	10	59	59	61	73	54	80	43
51	90	87	41	4	85	23	87	61	20
34	10	33	79	84	89	62	56	1	66
7	71	35	15	3	71	85	81	71	94
93	36	9	34	36	70	41	81	10	61
45	52	89	27	14	89	57	41	73	31
84	81	4	70	71	95	91	75	53	43
42	64	26	16	88	50	90	65	55	19
13	3	30	78	36	36	96	74	4	94
8	91	63	95	41	46	4	6	5	13
78	64	56	52	17	73	21	60	89	52
63	66	66	92	36	18	77	50	69	76
87	88	75	14	50	56	45	81	30	47
77	7	23	89	14	14	17	43	97	28
28	82	82	68	21	57	59	86	61	35
62	36	8	2	64	71	72	94	65	12
68	83	60	72	39	98	34	20	75	45
14	95	74	1	48	49	37	91	38	10
88	91	68	33	19	24	1	72	88	82
18	40	1	23	91	44	2	78	58	65
11	75	50	60	94	46	7	66	88	83
64	15	32	85	36	16	12	88	90	62
11	4	54	23	67	19	6	30	56	19
29	25	72	99	90	86	56	87	71	51
93	68	86	69	47	90	20	2	84	27
17	91	96	17	64	60	99	69	77	70
24	39	61	85	77	27	8	94	52	25
51	20	13	27	60	58	80	10	38	92
41	85	12	73	88	94	66	35	34	40
1	15	51	77	44	4	1	70	88	37
51	72	94	68	26	76	3	8	39	88
39	95	99	18	2	79	4	45	51	92
74	91	91	85	45	59	62	88	23	91
66	15	41	61	49	1	4	79	56	21
7	86	78	34	48	95	21	3	17	32
60	28	28	84	61	13	17	79	66	55
64	56	50	52	75	72	10	15	16	50
8	58	60	75	41	85	61	38	78	26
86	72	31	60	1	22	84	59	61	87
26	86	91	60	87	87	50	17	5	55
18	43	45	25	16	90	93	97	84	75
58	17	5	99	45	29	96	40	29	95
50	85	94	35	90	11	40	59	55	98
30	61	68	19	50	56	17	82	83	57
89	43	50	50	52	13	70	84	53	35
83	64	93	51	49	25	84	67	53	65
64	36	55	38	5	89	93	38	75	31
96	9	74	24	7	56	91	42	72	80
29	63	63	81	28	57	54	24	90	37
73	90	27	75	63	87	19	51	24	81
42	34	64	59	57	6	40	28	40	33
45	68	69	98	29	49	36	6	60	41
97	34	96	16	25	18	67	56	79	65
82	86	86	74	22	51	10	20	34	2
60	33	9	37	38	86	23	36	91	7
68	17	99	64	91	52	47	97	95	34
62	92	73	38	23	45	68	68	11	69
69	2	82	84	3	83	44	17	49	66
20	65	16	45	46	11	55	12	74	17
42	60	53	69	46	15	6	14	71	25
99	30	20	33	61	70	13	14	2	1
13	93	87	97	34	71	29	12	54	43
50	9	5	89	87	19	69	26	24	43
46	30	62	11	7	91	1	11	79	17
59	82	72	7	13	89	38	17	55	96
65	93	54	37	70	7	85	5	67	10
38	74	58	89	48	93	96	16	35	71
21	83	57	49	12	11	74	61	57	15
32	70	12	82	23	90	36	36	47	61
6	35	2	92	52	88	38	12	28	68
96	57	33	56	71	50	15	70	6	3
10	13	19	64	8	14	46	89	50	99
81	67	80	48	20	2	15	50	39	20
14	19	93	40	97	61	86	69	56	4
31	8	55	71	52	39	76	63	25	81
1	3	78	44	59	96	79	18	2	71
4	11	85	9	99	95	18	38	56	73
6	60	1	20	15	40	65	17	36	4
94	13	1	4	43	9	26	84	28	59
84	72	12	59	65	47	2	15	66	59
52	46	95	27	18	8	14	66	61	4
18	62	47	73	18	45	21	24	29	22
59	30	70	30	25	95	8	65	16	57
86	37	80	55	50	79	85	35	18	7
64	49	18	38	42	56	19	58	50	34
18	88	10	60	94	50	47	86	2	30
99	71	93	72	66	32	5	81	58	85
99	80	89	30	89	45	63	88	89	55
97	55	49	57	42	13	48	46	10	39
29	83	97	19	61	75	20	91	24	97
61	92	32	27	24	56	77	96	40	2
85	35	84	4	23	83	30	82	71	91
35	78	97	44	24	31	19	44	53	51
42	25	29	67	88	54	45	67	21	13
92	29	54	19	60	39	95	55	92	46
63	21	3	49	41	86	94	79	37	75
87	39	22	95	92	97	14	91	39	24
7	92	29	2	76	81	19	46	93	34
40	23	35	98	21	75	86	43	87	11
55	78	73	46	14	13	8	44	87	52
67	64	64	88	6	66	67	77	10	13
16	69	24	50	6	98	29	16	47	72
94	68	46	23	12	98	18	66	31	10
28	62	23	68	28	9	46	59	75	63
80	11	86	45	7	33	68	86	9	75
23	35	20	51	66	72	36	30	24	26
3	17	52	12	67	88	62	34	8	17
3	87	28	3	13	87	54	18	27	37
90	58	94	42	67	80	23	51	73	75
40	49	55	34	64	88	22	10	49	32
16	52	24	31	82	5	15	62	41	48
31	78	86	48	15	64	47	27	60	86
13	66	39	64	43	93	90	85	98	8
65	51	23	34	62	76	58	67	53	71
1	80	92	13	52	65	96	60	18	30
75	62	7	77	55	40	17	24	64	16
24	63	22	48	54	30	52	63	74	14
76	7	68	76	66	15	13	61	17	7
88	46	35	76	23	12	29	88	62	52
80	25	51	85	15	83	81	80	5	43
79	8	34	31	64	35	8	20	86	44
76	69	27	1	87	46	76	77	18	99
23	80	9	97	75	40	24	28	27	53
85	52	5	43	91	61	73	70	86	43
53	52	8	89	34	37	77	90	74	81
38	82	75	35	83	25	68	50	40	36
52	46	76	24	23	86	73	60	9	27
39	86	54	61	70	57	81	70	58	18
28	77	19	74	56	88	33	19	78	73
92	40	81	39	86	49	50	28	48	27
85	78	26	49	34	41	4	77	92	68
18	95	30	18	32	46	45	23	95	61
86	17	48	96	36	23	40	91	70	42
7	9	56	97	2	84	59	47	96	28
22	24	69	13	45	46	23	2	93	89
97	31	27	91	27	90	99	6	80	80
63	94	53	17	18	99	69	57	68	45
44	87	77	20	54	4	63	47	97	83
33	38	59	30	85	24	66	21	55	42
9	84	37	60	10	97	28	32	50	34
92	87	52	32	64	94	46	69	64	23
33	20	10	29	90	32	71	84	87	66
98	20	23	28	32	4	59	62	70	26
57	18	72	67	35	2	74	12	6	45
54	56	4	23	73	98	73	94	56	13
60	51	12	64	77	75	57	18	46	15
37	43	4	87	37	62	78	36	93	97
7	19	45	7	65	31	38	75	62	12
83	59	4	10	95	12	1	89	47	91
38	72	25	54	5	43	88	59	98	15
1	27	22	53	11	45	42	38	47	12
76	91	90	68	4	83	10	84	94	76
51	15	34	3	39	6	67	39	62	68
35	60	84	75	24	80	86	48	76	93
95	58	79	73	2	40	24	47	40	45
63	28	54	81	98	49	98	53	22	25
92	82	4	90	8	55	85	1	55	32
8	71	26	16	90	37	54	88	78	33
86	18	88	82	64	50	48	25	86	38
46	62	26	14	31	71	39	54	15	44
70	99	24	39	79	36	19	74	53	69
11	71	64	18	63	21	90	90	22	18
88	9	93	1	36	65	57	68	60	81
96	45	14	72	29	98	83	45	85	17
81	96	30	14	97	99	92	53	61	98
86	24	75	43	69	99	31	85	15	25
99	93	34	53	84	80	56	34	6	56
9	80	99	47	96	23	21	76	78	74
36	72	7	27	2	8	61	35	15	96
56	89	23	75	65	65	64	84	69	68
10	89	98	16	57	82	90	78	86	45
5	66	78	50	86	11	46	64	51	46
90	48	29	81	6	90	29	57	52	72
70	49	26	47	85	21	40	38	76	61
11	39	14	57	36	56	81	91	58	75
28	60	61	16	20	41	43	70	3	55
95	55	87	66	21	40	97	13	35	63
23	4	67	54	25	97	11	50	73	34
43	42	17	12	31	57	41	85	23	54
32	17	8	76	24	90	44	68	71	60
17	30	96	88	39	34	43	88	62	56
11	65	25	37	80	15	33	51	30	8
68	56	26	54	1	29	50	17	58	40
60	83	27	39	13	49	63	76	5	81
5	10	11	36	67	80	58	54	16	9
53	92	61	91	76	65	13	82	80	19
7	56	79	19	29	83	68	56	99	28
43	75	38	72	51	65	11	34	54	70
30	43	77	48	54	52	19	53	8	71
71	75	44	4	33	2	68	78	95	35
9	16	45	98	84	75	43	62	12	34
99	13	77	4	65	50	7	7	89	62
49	77	82	13	79	6	66	15	18	89
22	20	31	56	23	80	9	55	30	70
89	7	37	23	83	37	74	12	34	98
99	45	89	79	43	4	39	20	35	92
98	63	67	2	5	97	58	32	1	12
21	76	99	34	62	47	79	47	41	95
48	76	15	9	99	19	4	86	65	51
10	46	7	5	95	59	58	67	63	3
93	69	45	75	65	34	46	39	81	38
31	63	27	70	8	54	30	96	15	93
13	49	15	34	32	55	24	29	56	35
39	62	84	96	1	85	48	23	9	67
38	26	89	57	73	20	18	32	58	79
36	93	85	25	75	31	82	45	82	35
21	53	49	15	15	24	64	16	45	46
80	49	16	28	27	7	51	36	43	11
39	17	45	38	66	38	5	7	91	24
59	31	83	18	32	37	19	25	12	83
65	74	75	58	36	52	18	47	6	88
70	68	58	44	92	86	24	1	54	79
80	42	79	50	37	2	28	42	3	25
90	96	35	81	97	20	47	70	27	91
75	71	56	1	47	60	51	32	54	98
95	37	90	48	6	85	38	42	36	71
15	30	12	13	41	93	90	20	11	34
20	6	7	55	43	5	62	25	7	99
83	56	53	23	10	32	57	90	17	41
72	7	56	6	47	95	16	30	52	9
93	90	25	54	63	15	42	77	36	26
66	74	3	9	6	70	42	18	83	85
12	35	49	11	55	92	67	69	20	61
92	87	71	69	68	96	16	45	57	89
61	51	64	88	78	61	38	12	6	67
84	23	15	87	98	12	36	5	21	19
2	62	83	61	92	54	22	39	24	18
20	69	83	95	96	98	80	71	77	17
38	3	19	74	28	70	59	7	45	53
31	43	18	40	68	63	73	41	2	89
63	37	35	12	44	71	22	68	48	6
23	51	65	81	20	48	46	71	14	38
93	55	53	23	46	65	60	96	24	31
85	91	63	55	94	9	63	90	7	66
66	17	81	68	73	47	53	20	31	78
80	70	44	39	89	43	98	94	25	11
49	67	19	26	73	89	88	66	89	87
62	7	98	73	8	83	95	63	42	80
1	15	7	68	15	64	62	83	62	75
67	96	61	42	22	68	3	58	39	87
84	25	14	39	23	79	53	64	84	72
29	78	52	32	27	82	9	59	28	29
9	81	9	37	84	70	18	90	18	14
5	4	14	81	62	48	24	61	9	5
83	21	31	44	90	62	76	89	91	56
74	4	30	49	64	94	67	68	22	82
19	24	76	68	48	1	71	39	59	18
53	74	82	89	34	21	30	66	20	86
11	56	4	95	90	96	83	57	1	69
75	95	58	85	73	2	97	79	50	36
77	45	22	22	15	98	20	94	24	8
64	19	30	43	86	12	61	63	63	49
45	67	20	16	46	46	12	48	98	19
21	66	13	87	99	71	46	69	36	21
52	7	18	95	60	5	16	66	37	89
88	25	32	34	32	29	84	79	28	14
16	81	12	5	70	67	47	25	79	13
88	6	43	5	61	47	79	18	4	96
1	95	56	97	53	16	68	69	35	50
52	63	85	50	92	41	77	32	93	94
51	15	13	67	20	30	64	43	17	33
74	69	24	59	61	43	3	10	11	33
29	94	22	61	13	62	66	52	59	60
7	79	91	75	68	81	78	41	21	90
27	72	42	25	22	65	60	75	23	22
17	80	83	38	93	97	28	92	37	44
20	59	51	71	23	35	41	3	23	86
52	67	44	62	28	37	99	46	95	75
53	20	30	9	69	10	20	92	9	18
61	69	35	80	93	71	64	49	32	71
47	85	4	34	44	78	49	14	28	35
38	76	68	93	11	38	53	34	61	75
36	89	60	32	82	26	35	53	81	88
58	62	8	94	44	56	38	87	32	66
3	85	18	94	85	18	61	63	45	1
46	61	8	35	33	37	34	1	46	88
69	48	87	13	51	43	85	91	32	53
43	18	15	14	3	48	71	44	17	28
16	48	67	39	48	69	71	40	13	30
23	59	40	12	41	65	98	35	73	88
93	81	78	45	4	15	55	96	69	72
48	7	74	30	75	17	5	3	77	65
64	56	6	42	83	63	70	97	20	14
84	93	24	12	34	98	45	47	66	21
41	31	47	17	98	52	28	27	3	31
59	65	8	6	75	13	4	5	2	98
57	78	9	31	50	34	18	52	58	49
76	41	29	7	43	18	7	7	7	24
91	66	30	89	95	6	17	72	14	30
12	73	91	3	19	61	29	56	26	7
35	58	82	26	76	54	5	67	76	30
9	7	10	19	31	86	40	32	72	41
64	74	90	33	11	38	46	84	66	8
35	47	49	56	21	55	67	72	65	85
92	84	35	91	90	18	75	4	61	2
29	76	76	3	74	54	36	3	15	58
13	16	71	88	82	96	52	8	90	14
54	2	84	50	5	7	26	68	39	41
51	12	77	91	96	68	55	19	69	98
86	84	66	63	98	30	45	37	49	39
32	19	98	76	22	14	47	57	85	98
82	36	59	64	10	3	40	80	86	1
75	82	13	55	19	45	24	48	6	51
72	81	51	60	67	29	3	61	62	51
78	66	48	71	50	18	11	65	54	80
81	5	19	50	49	66	71	6	74	5
56	94	23	35	53	65	53	94	90	54
55	71	22	59	90	39	83	4	90	96
72	30	12	20	48	27	83	95	53	83
46	14	13	37	1	74	12	33	65	12
76	58	52	1	75	69	5	58	57	31
65	44	25	41	8	46	96	87	76	92
81	16	47	58	14	85	11	49	43	91
63	72	79	75	80	32	89	84	50	40
96	74	16	55	51	86	3	59	1	5
29	22	80	54	13	33	9	66	37	41
14	72	61	12	62	50	27	78	41	21
27	60	40	15	67	13	20	7	87	54
74	61	3	52	51	57	57	24	66	97
96	29	95	61	83	95	16	48	37	67
14	3	68	65	63	11	32	33	33	47
32	31	40	60	42	18	58	41	52	42
62	64	99	21	42	34	93	7	98	4
96	23	19	71	69	12	19	93	58	87
84	34	81	87	22	77	99	78	6	68
59	28	65	9	7	17	25	25	34	80
41	43	70	8	14	82	7	94	74	62
38	54	52	3	75	86	96	27	9	70
3	68	63	11	34	59	31	59	91	74
55	4	32	59	92	42	82	36	97	13
6	51	55	17	49	29	96	58	69	48
62	60	48	16	31	66	3	86	93	74
61	71	2	14	33	99	62	93	35	22
48	88	18	28	83	57	84	82	76	7
45	2	42	71	52	7	48	73	60	25
24	55	94	28	73	65	76	25	21	70
99	11	89	45	81	64	28	78	39	31
15	49	98	78	71	28	42	68	51	47
51	46	84	71	48	85	33	46	52	35
45	52	62	66	91	66	80	74	55	73
92	53	80	2	5	80	14	32	18	19
98	25	38	29	76	3	22	64	6	4
83	87	25	23	61	9	1	15	32	44
36	15	39	73	56	61	4	1	22	79
48	9	75	39	5	14	53	28	3	90
9	35	56	29	70	26	91	56	95	31
80	61	21	77	75	25	51	23	32	17
23	32	97	9	39	15	45	82	82	95
40	75	82	97	80	27	66	38	68	3
34	34	17	34	17	32	99	43	76	89
5	74	27	5	53	63	3	13	47	20
50	32	99	55	24	90	56	88	43	63
86	57	18	48	48	33	23	57	31	29
17	68	49	46	81	14	34	3	47	18
70	85	63	99	30	35	63	81	25	92
1	93	87	46	7	45	9	58	11	38
44	18	78	5	55	10	12	16	80	96
75	60	17	27	80	89	29	73	45	28
81	63	24	58	74	78	64	51	48	64
81	61	12	54	66	67	21	31	71	90
26	58	59	26	50	56	33	73	80	85
17	81	52	52	16	62	28	67	47	20
29	4	36	45	60	82	40	41	74	83
8	62	32	74	19	31	19	13	95	49
70	35	83	96	26	76	84	25	49	27
62	92	21	67	62	17	58	10	56	35
23	47	2	35	96	4	39	42	2	73
99	34	34	87	33	91	13	70	88	65
82	2	24	64	61	32	41	96	64	47
38	99	63	74	53	1	52	82	64	61
31	31	54	86	5	31	64	21	83	39
18	33	18	85	99	9	45	21	4	72
18	39	60	19	22	98	77	90	56	20
16	68	61	52	9	60	23	48	83	11
53	43	69	70	14	22	32	17	91	93
80	84	81	79	9	17	34	60	28	18
29	87	72	63	74	34	45	44	63	53
4	5	94	92	19	48	2	42	54	27
63	76	86	83	25	17	95	99	31	58
49	99	6	99	52	36	17	34	89	76
40	43	7	79	77	42	21	72	19	9
37	6	67	52	6	63	9	53	32	58
26	7	41	92	73	12	67	92	63	16
85	40	57	3	68	98	60	88	66	42
89	10	45	51	19	46	30	61	78	43
22	1	59	61	60	87	27	69	3	49
57	20	56	60	70	37	32	27	52	97
73	6	20	18	20	94	2	11	70	52
4	53	99	91	33	66	51	60	68	23
32	5	93	73	97	20	32	60	70	83
79	3	69	98	60	59	25	78	34	11
72	19	61	10	46	12	92	90	80	66
8	86	7	15	67	76	8	35	31	64
48	62	85	58	77	1	8	17	73	96
94	58	74	30	41	19	77	86	88	33
87	96	34	73	3	68	90	30	60	49
91	11	13	5	76	27	97	89	10	35
16	48	19	41	18	53	78	8	88	43
5	52	5	93	76	88	37	62	99	32
19	78	47	35	25	16	3	25	90	22
99	45	77	94	86	58	64	14	71	16
37	79	35	92	70	74	41	39	34	34
44	82	54	32	68	46	7	17	67	18
1	2	3	49	50	69	35	81	85	32
88	94	95	55	69	74	98	57	65	71
60	11	56	18	80	70	76	85	39	33
43	95	93	40	92	13	51	32	56	64
4	54	82	6	65	95	95	28	7	81
9	83	88	24	32	53	62	94	47	39
17	53	19	23	9	32	2	82	84	1
12	19	68	68	52	25	28	46	94	46
46	89	89	9	28	46	68	99	11	52
1	15	4	60	24	10	35	48	81	81
97	34	76	7	14	19	10	71	2	26
78	59	92	83	80	34	26	79	2	87
41	94	72	29	27	38	71	36	98	68
71	14	62	4	67	8	82	22	30	18
86	69	94	13	21	34	64	28	21	14
63	28	56	82	21	97	81	53	78	83
17	60	23	76	27	81	61	2	11	27
23	94	66	74	22	16	8	32	78	22
81	68	12	4	41	68	16	88	15	3
83	62	55	72	63	73	5	13	25	49
81	48	1	84	21	95	98	9	9	15
49	15	85	40	14	44	60	9	66	45
33	55	4	48	74	74	40	11	65	82
16	7	44	8	67	34	69	93	63	97
37	16	89	70	53	13	25	33	12	17
63	39	96	64	77	10	18	38	65	43
1	9	2	26	50	14	26	32	32	1
87	22	50	71	64	51	44	88	57	55
20	81	47	77	1	63	93	33	5	47
83	20	84	70	35	89	18	23	55	28
89	94	96	92	37	58	72	14	94	10
98	49	46	15	25	78	40	51	43	11
52	68	68	18	30	13	89	14	86	16
79	41	51	80	38	84	10	4	40	24
37	6	10	7	49	94	1	5	28	59
49	24	41	14	2	68	44	92	30	2
1	87	26	95	82	80	52	95	91	78
3	60	56	37	3	93	41	68	91	53
82	57	52	4	55	70	63	6	68	82
76	42	71	27	39	8	88	56	6	15
10	96	71	17	7	62	90	70	61	45
83	8	5	40	85	43	2	47	56	70
38	96	41	97	24	90	45	58	72	54
51	68	66	82	29	7	49	55	13	49
34	79	26	84	96	10	20	9	19	57
60	28	26	83	23	59	86	48	18	19
89	28	75	75	67	54	32	35	58	6
49	44	5	70	75	35	70	80	92	50
50	11	36	42	27	55	60	16	8	61
54	67	81	38	51	69	58	89	6	17
97	2	26	7	49	72	81	43	36	43
85	77	72	57	33	97	32	72	39	47
17	14	78	30	29	17	77	22	66	91
90	69	4	41	31	68	15	28	2	55
63	76	8	36	89	23	98	13	85	83
35	29	83	6	98	91	70	48	55	3
42	86	23	83	23	33	48	9	13	63
80	28	67	21	31	69	76	5	49	30
67	98	50	58	38	5	19	94	87	90
86	64	25	50	20	80	7	85	40	67
52	37	93	96	36	29	27	73	37	83
35	24	82	4	25	21	44	83	73	37
50	17	26	65	65	48	39	40	91	3

