500
10
80	31	4	86	56	95	25	64	91	82
87	28	37	69	45	63	36	43	19	45
30	66	56	48	37	93	67	54	84	64
35	12	91	31	33	89	64	63	19	29
53	72	32	92	38	81	73	96	11	43
80	51	19	50	59	57	45	43	76	50
4	21	48	75	94	17	41	84	21	87
61	93	7	24	68	76	13	19	58	64
54	18	93	18	1	44	30	39	21	67
99	35	65	63	3	98	22	13	17	81
49	7	60	62	42	4	57	19	66	83
41	23	55	10	59	42	55	8	3	13
47	66	34	19	50	14	44	9	57	14
46	46	7	9	75	27	2	67	18	33
39	52	94	14	81	91	91	94	18	14
66	26	11	42	90	83	52	76	36	31
89	29	8	10	33	45	50	17	84	39
33	89	62	84	84	12	11	35	36	54
19	81	90	22	54	42	79	3	21	61
49	22	13	24	39	23	61	10	47	91
5	70	51	11	61	94	45	28	61	37
62	95	55	1	75	94	88	53	6	98
91	55	50	13	34	1	34	63	71	29
18	31	33	47	48	2	68	59	5	49
12	29	91	16	25	36	44	68	2	82
6	29	48	22	67	50	7	49	26	29
52	32	92	24	39	13	84	76	71	92
13	51	42	34	36	94	86	6	35	25
38	86	17	48	88	58	52	50	8	94
39	20	71	9	74	57	79	35	52	72
55	80	36	59	11	91	40	29	63	14
8	71	94	93	85	31	89	76	31	90
61	51	14	33	30	64	9	71	63	11
77	10	97	23	71	60	39	22	11	99
90	65	85	20	19	60	75	72	25	96
30	41	46	75	25	93	26	54	97	68
9	28	20	22	13	36	93	21	48	45
47	27	30	61	21	10	56	62	64	45
23	67	22	20	17	62	35	49	94	22
64	8	35	87	50	34	36	7	39	81
22	80	16	96	50	35	81	12	59	58
84	7	20	6	69	63	46	64	59	57
9	8	18	14	95	87	24	81	63	49
40	58	3	40	61	36	18	92	20	52
63	21	64	16	84	29	36	39	48	80
88	44	80	59	5	76	58	84	40	7
56	14	99	75	38	7	54	52	95	47
83	99	5	56	73	91	64	39	88	92
54	75	83	21	39	96	97	87	59	67
83	30	18	78	82	55	12	43	90	53
12	20	27	43	49	40	94	61	95	4
89	49	7	44	76	47	33	85	18	43
53	85	11	74	26	56	92	95	10	5
66	65	26	46	32	91	83	83	75	69
64	71	46	7	87	60	57	44	99	49
68	32	65	68	87	24	94	17	46	90
25	82	48	99	3	17	42	65	86	87
71	22	39	61	70	1	65	29	96	48
11	68	10	25	62	22	69	93	26	7
54	77	52	50	73	33	93	22	99	8
60	43	65	17	22	38	42	91	52	26
71	15	20	67	32	83	40	55	56	16
23	21	27	30	61	33	3	60	41	8
73	8	60	31	47	8	72	61	34	60
57	97	1	72	95	91	43	46	60	53
67	63	39	34	54	56	35	64	88	76
98	44	78	46	93	16	31	88	92	11
99	97	96	43	62	76	10	91	13	68
39	28	96	80	32	36	94	78	94	46
84	12	29	78	55	55	23	84	68	86
55	91	28	99	85	61	83	22	89	79
59	39	2	84	82	71	77	30	66	31
55	5	81	76	9	43	39	64	92	38
48	94	32	51	41	86	97	84	71	27
14	54	30	1	69	63	48	47	51	65
78	4	68	77	78	13	12	80	74	49
21	4	93	7	69	90	13	89	85	9
63	90	1	57	10	60	52	2	67	90
81	55	96	33	51	14	82	90	27	90
24	27	13	3	2	10	38	63	7	55
82	55	73	79	60	33	22	28	42	55
68	71	88	52	27	77	58	18	30	99
39	9	40	42	16	83	69	45	67	30
33	19	13	25	38	15	92	1	54	32
88	72	91	5	21	63	17	58	88	55
66	83	39	92	94	3	5	41	13	41
15	77	84	43	99	41	82	98	86	70
83	8	82	80	73	6	5	99	86	53
23	59	3	2	16	62	14	81	40	30
63	88	48	15	60	41	74	73	99	55
7	41	8	14	89	96	46	5	62	13
64	39	8	95	57	90	84	33	54	47
95	19	91	46	82	26	70	18	86	99
32	10	45	29	8	43	33	17	74	50
22	40	21	82	62	20	37	92	44	36
11	73	82	63	42	67	57	42	92	85
69	74	4	23	70	97	42	6	99	24
84	51	82	3	9	3	95	22	90	21
92	49	46	31	5	9	77	57	96	83
2	61	57	79	45	95	60	65	17	8
98	70	43	45	57	79	69	70	75	21
69	43	49	92	7	81	34	40	86	5
92	90	51	76	40	36	17	32	56	20
26	67	29	22	47	45	10	56	1	89
2	71	62	90	58	10	56	60	66	91
83	9	55	90	51	93	84	41	69	29
78	49	23	37	42	17	73	65	3	85
24	3	33	20	16	64	47	35	8	56
53	53	18	10	1	55	85	4	96	70
41	60	85	96	35	84	25	6	22	7
59	48	47	50	79	32	21	46	17	30
21	67	94	99	22	70	97	68	34	11
58	59	45	58	70	67	88	3	67	17
76	60	87	13	79	60	78	19	17	92
59	89	59	56	51	91	90	50	81	15
29	52	65	87	68	18	45	48	29	43
23	62	94	80	16	79	50	13	31	31
23	37	60	57	59	58	80	4	15	65
38	11	25	62	84	41	28	41	7	90
87	37	50	74	70	39	94	83	29	7
47	21	43	57	97	90	31	73	41	34
98	12	59	83	44	73	83	35	24	28
36	69	28	21	41	4	5	11	90	77
77	95	63	64	48	16	57	73	63	76
72	17	3	74	77	39	20	56	48	89
93	25	12	37	81	49	36	14	93	36
55	35	43	13	85	19	68	4	66	77
87	33	71	9	82	35	51	70	65	67
32	77	92	85	56	47	73	59	43	52
30	37	18	39	73	97	81	8	85	50
75	48	23	91	49	4	67	27	13	26
68	40	17	50	77	90	10	64	64	60
25	34	26	20	20	80	31	92	32	26
95	82	17	39	31	48	30	56	15	16
97	68	41	2	24	80	24	56	21	63
72	67	22	72	74	86	2	61	79	27
13	27	29	52	28	17	57	71	14	62
25	2	53	79	36	39	87	51	25	27
20	20	47	64	2	94	72	26	88	54
7	4	58	56	88	39	10	16	93	99
6	82	70	46	80	54	20	34	1	19
75	47	13	73	86	96	40	8	14	76
34	70	42	35	66	32	66	33	12	92
85	22	49	77	25	77	21	97	56	74
80	21	12	15	52	49	37	91	6	90
90	35	68	25	97	68	84	96	4	14
71	3	71	4	15	42	24	89	39	91
37	40	68	70	28	2	7	89	67	90
34	52	34	94	4	30	93	57	91	55
34	20	67	90	12	84	61	68	36	48
71	46	81	49	92	81	90	72	48	44
63	71	21	46	4	8	53	90	17	82
43	91	83	70	37	22	88	53	52	38
24	12	1	5	36	6	18	50	75	51
81	64	23	25	11	2	17	79	55	2
10	7	9	50	3	12	29	5	92	35
97	96	32	41	77	29	31	7	24	33
73	8	4	33	20	93	53	58	98	50
74	70	40	64	71	6	86	44	52	44
95	23	80	62	80	31	14	65	32	25
25	26	59	37	83	7	87	76	53	58
78	28	77	90	57	49	26	98	61	81
90	41	19	2	53	73	4	42	87	92
18	74	70	13	11	63	76	79	86	18
87	60	16	13	97	63	23	29	38	38
76	82	39	62	50	62	17	73	86	28
57	25	65	53	80	43	85	37	25	58
67	99	41	64	42	8	28	56	13	19
1	16	22	98	39	46	81	36	63	71
36	59	85	39	86	28	34	31	80	68
28	35	71	82	64	31	84	46	39	93
3	79	25	87	26	19	7	30	68	56
58	32	42	57	74	77	3	83	20	14
15	10	6	47	25	77	98	20	99	56
50	38	63	93	46	48	40	51	70	15
54	27	72	1	43	5	52	64	45	85
35	7	29	74	48	66	26	9	22	61
33	30	2	86	21	49	52	39	74	12
79	88	46	10	24	31	16	73	43	25
20	86	90	31	27	51	37	51	93	95
85	53	93	27	4	34	69	43	13	85
7	77	26	44	88	49	96	71	14	99
81	20	21	38	29	4	81	90	27	12
57	38	93	74	22	36	11	9	98	58
96	55	50	26	32	53	98	44	52	18
77	48	76	53	6	68	78	4	3	47
24	65	88	78	37	62	7	40	60	99
19	44	66	35	68	36	76	68	10	94
99	75	31	91	74	42	73	27	91	40
89	1	53	71	83	84	95	17	49	15
55	87	32	62	50	34	37	88	41	80
87	47	58	99	99	4	51	23	91	85
49	46	2	79	20	58	6	11	19	30
17	78	82	28	20	97	31	18	78	5
21	50	90	91	93	33	78	94	50	38
13	7	70	56	1	70	28	30	52	18
11	78	51	7	18	42	1	42	92	44
46	87	16	92	20	70	44	63	53	87
50	13	65	93	98	30	5	87	9	43
25	69	40	38	83	37	83	26	99	81
99	90	28	79	60	42	12	90	44	13
8	52	65	91	45	14	87	55	85	64
2	35	29	47	6	10	45	94	28	49
48	60	58	36	31	63	93	94	20	48
21	71	17	33	79	12	68	44	21	74
29	62	40	97	72	10	32	8	65	51
21	66	65	30	20	13	81	5	23	90
17	26	72	88	33	35	25	87	76	25
92	52	28	14	59	40	14	7	75	52
89	40	37	21	69	80	6	34	37	35
91	75	9	89	19	83	86	82	90	96
32	51	44	67	46	47	73	44	22	80
3	33	91	8	95	83	39	63	20	77
26	79	56	75	90	4	21	51	54	79
21	77	99	94	98	75	57	4	21	84
55	52	73	59	48	84	13	86	4	70
91	62	46	53	87	33	72	37	25	37
39	42	44	97	76	61	64	3	14	57
4	62	49	29	12	7	14	85	82	57
9	2	18	68	70	74	70	15	72	10
90	45	85	93	77	62	76	62	63	85
3	37	94	7	2	69	71	69	39	68
68	69	4	96	52	58	84	41	18	99
23	81	84	10	60	73	19	12	25	63
54	62	13	6	22	41	56	71	32	51
94	63	54	79	96	49	20	88	80	57
58	6	52	81	91	40	67	49	55	27
79	86	7	45	67	87	84	54	6	99
31	3	55	5	82	36	94	7	60	65
88	4	45	75	16	34	32	59	14	1
59	42	14	4	44	2	55	36	34	37
64	99	11	73	56	8	27	23	86	47
27	28	27	91	15	28	52	79	43	19
68	13	60	16	99	38	9	23	45	81
13	50	52	20	4	48	3	92	70	14
94	70	63	64	11	46	81	13	79	60
24	8	93	59	91	59	90	29	92	21
60	51	82	36	33	53	33	52	71	20
1	66	56	90	66	90	93	67	5	48
53	92	62	19	17	65	35	62	63	3
13	48	27	4	13	2	59	55	83	92
17	81	96	45	49	43	18	56	16	72
7	97	12	43	60	69	49	9	84	69
32	59	99	89	81	76	55	73	5	32
58	20	80	78	3	91	98	39	2	23
88	67	77	77	96	1	67	2	63	17
38	22	55	23	48	8	11	77	19	91
57	92	81	74	52	54	29	91	53	37
39	84	63	16	81	25	26	4	43	50
34	81	6	12	24	76	61	98	54	62
49	82	61	10	67	20	36	55	61	64
87	41	40	57	43	6	65	66	42	25
77	45	58	50	4	16	13	68	89	95
70	72	42	96	87	44	44	71	55	39
84	70	69	64	69	90	97	60	58	71
92	81	6	79	63	91	73	45	22	79
38	23	94	52	94	52	6	8	92	6
14	60	49	32	15	63	78	10	88	34
34	43	11	31	49	29	76	61	68	63
32	2	20	72	85	94	28	10	77	39
4	50	54	16	81	49	7	89	47	69
21	87	91	46	60	94	22	36	76	82
25	68	65	36	8	38	31	20	1	21
70	28	35	77	39	8	21	65	88	72
39	84	97	68	63	79	90	33	85	69
23	72	65	90	24	35	61	95	75	96
18	93	47	65	13	45	67	99	68	81
5	79	63	81	55	76	7	47	25	1
65	67	51	39	55	87	20	20	38	50
46	2	91	87	95	46	21	78	66	91
84	36	34	64	74	62	74	89	53	11
99	91	43	95	41	10	67	25	74	52
56	31	65	19	15	48	57	62	63	23
34	7	67	89	46	13	78	3	70	29
77	14	48	50	10	65	95	24	54	37
93	78	44	93	2	67	13	23	44	41
1	70	28	3	82	36	50	24	20	33
51	63	18	93	37	33	80	35	72	49
78	44	90	35	10	89	29	70	90	61
79	65	19	24	60	37	41	71	33	5
76	62	54	17	98	45	73	78	37	28
99	15	53	67	5	32	76	20	54	20
45	47	17	5	39	1	28	97	77	34
52	71	77	30	24	83	99	3	7	93
16	11	7	23	46	14	10	50	61	75
63	19	22	57	91	76	39	40	40	85
24	82	16	7	60	25	92	56	64	72
19	47	2	34	16	18	19	74	29	61
90	96	21	93	72	72	18	71	60	93
50	98	29	36	63	37	32	19	68	89
95	40	30	44	42	13	68	31	58	38
26	95	68	84	24	74	79	9	11	74
92	2	55	59	44	70	86	41	87	52
16	50	52	10	45	48	75	35	33	42
54	89	79	57	4	33	37	83	10	55
37	4	99	60	5	12	10	93	9	17
67	11	26	58	73	27	97	96	47	71
51	43	30	81	76	15	39	53	85	6
95	19	97	97	52	5	50	75	66	50
33	89	58	2	4	23	57	31	85	32
79	85	89	6	15	21	29	31	23	24
90	60	2	48	47	73	22	18	60	97
72	24	35	19	23	93	54	90	75	63
87	63	92	59	2	49	36	87	69	17
33	36	61	86	76	74	74	14	36	37
33	71	6	96	6	87	57	75	95	29
78	34	77	19	63	23	67	6	12	58
14	74	59	49	34	62	88	20	14	72
54	29	68	82	71	22	49	15	63	2
73	83	42	46	95	17	39	14	12	28
5	73	95	89	82	42	83	84	67	73
39	56	6	6	46	18	14	93	12	4
57	44	26	29	73	18	88	2	51	95
1	23	35	94	94	89	27	63	18	71
69	65	15	83	28	42	44	5	30	6
63	17	12	68	30	28	53	26	63	61
85	65	21	37	51	49	69	22	60	54
5	11	73	55	90	56	95	54	5	65
38	8	30	9	87	91	88	84	45	3
7	21	4	96	29	63	56	38	61	81
77	72	91	40	64	3	10	25	86	28
63	65	42	93	91	15	15	35	22	76
83	66	98	61	55	85	38	44	13	43
36	77	8	39	90	40	70	63	5	30
23	55	2	40	72	16	88	9	2	42
96	32	91	9	36	38	18	15	44	27
60	92	34	56	25	23	15	64	43	5
90	49	48	42	47	71	36	89	53	47
85	96	62	88	29	30	33	58	83	89
20	40	26	5	74	31	75	71	67	68
33	95	74	7	79	69	55	54	75	13
72	15	25	64	4	64	56	33	72	10
95	97	24	87	59	36	23	6	87	29
49	90	46	21	42	72	72	70	63	35
5	43	2	16	71	24	88	75	64	42
88	75	96	52	91	4	24	59	61	34
65	57	30	38	75	57	3	14	92	45
73	43	80	90	52	84	73	77	53	5
67	56	99	62	49	19	96	90	86	66
88	23	43	23	51	11	90	91	1	43
81	25	98	69	32	2	69	99	52	39
33	39	79	27	85	17	73	48	39	15
87	86	47	81	83	83	97	1	15	22
51	76	59	94	25	38	98	4	48	43
19	60	93	22	70	65	45	86	88	73
17	38	59	39	77	24	51	43	6	8
63	77	82	96	19	82	93	10	4	45
18	5	23	28	68	11	78	83	11	36
72	75	99	79	67	8	50	62	43	67
87	7	84	83	50	28	17	50	16	81
94	12	14	91	18	15	85	27	71	72
86	9	79	47	49	12	34	3	25	95
26	68	30	20	14	89	52	26	59	6
58	23	79	47	17	73	74	89	33	96
77	94	3	5	58	77	60	43	22	73
79	67	29	51	4	37	47	66	82	20
18	21	7	9	69	64	56	50	92	6
37	17	36	18	87	19	18	88	55	45
5	83	55	64	17	94	55	55	61	33
95	33	5	95	84	86	59	26	80	35
98	98	11	35	3	25	46	87	36	20
76	52	5	28	1	42	82	92	1	4
56	26	74	6	1	64	29	1	29	86
93	35	10	91	68	78	98	97	2	60
8	5	68	73	14	53	58	96	61	94
26	96	13	34	91	57	36	19	90	50
25	63	87	61	9	34	61	93	38	3
63	17	70	29	1	65	76	50	41	76
11	6	21	17	9	24	1	19	56	21
11	90	60	11	68	81	89	60	86	64
51	72	41	53	80	94	97	76	12	29
39	14	12	86	80	67	76	29	70	17
81	45	65	79	87	55	31	50	30	18
42	4	89	36	22	73	61	45	71	86
96	93	88	7	56	80	29	22	40	10
67	11	37	75	99	96	89	66	52	46
49	64	27	28	68	70	55	46	13	31
59	86	91	25	66	74	81	37	83	90
76	79	74	93	58	42	64	98	82	89
67	23	74	92	83	52	59	76	77	14
53	7	88	86	52	37	65	47	39	80
1	77	38	54	70	94	40	83	87	31
53	72	61	56	66	14	32	51	80	96
74	82	92	29	24	97	48	98	69	48
17	63	26	16	62	72	87	81	50	73
8	37	48	86	75	86	57	79	57	39
16	19	26	34	99	84	38	83	99	75
35	30	48	41	20	95	22	11	13	14
53	84	22	26	97	87	79	18	42	78
55	97	95	41	46	83	74	54	95	98
49	88	39	41	83	58	20	21	98	45
65	61	68	64	84	84	2	74	15	12
80	14	63	81	14	14	27	27	4	22
89	18	75	63	86	81	73	42	64	58
29	43	21	42	98	87	5	53	10	49
68	58	38	77	58	51	1	52	11	7
56	20	78	81	38	73	7	37	74	6
94	99	85	89	76	73	72	75	12	63
46	93	78	26	3	82	98	41	61	1
40	21	5	36	28	91	29	15	44	46
68	50	25	37	42	18	93	73	20	10
4	84	94	27	37	5	13	2	60	7
91	1	58	69	33	78	81	88	26	32
65	59	52	83	37	72	31	67	26	14
18	24	57	81	54	74	1	38	55	21
51	86	98	89	48	72	27	70	69	40
91	60	20	73	18	95	87	43	23	93
27	61	83	86	57	20	56	37	82	98
6	99	78	71	35	96	48	62	99	19
5	93	81	44	90	27	41	93	66	24
30	33	81	14	65	23	39	78	1	86
20	88	96	56	74	33	77	2	25	11
90	54	78	20	97	57	8	22	42	35
18	17	83	90	10	45	92	97	45	83
23	7	15	64	71	59	34	72	65	57
97	36	50	43	14	85	35	30	9	33
27	43	59	53	76	55	31	45	42	45
65	59	92	91	23	16	69	90	76	27
43	44	92	63	52	98	21	36	11	40
38	95	78	96	8	25	4	67	42	39
40	42	5	86	27	82	45	81	92	41
86	9	74	44	10	68	34	58	41	92
51	55	39	75	91	17	94	8	62	14
11	31	35	51	36	14	49	9	98	11
54	77	96	72	5	2	55	96	86	33
93	33	20	41	21	95	28	9	69	54
40	71	9	38	49	88	8	99	19	78
49	8	7	19	75	45	10	37	15	92
50	24	84	94	54	81	33	49	29	42
95	64	29	75	58	21	36	29	34	13
97	92	3	49	74	17	6	38	49	42
29	64	33	44	72	30	88	68	93	35
53	95	40	70	89	18	83	82	98	34
86	35	81	48	90	47	63	4	26	73
95	97	53	11	41	95	80	36	36	60
67	15	99	95	87	18	7	96	91	83
35	51	82	92	93	33	27	27	81	70
60	25	86	87	27	81	44	20	1	54
58	26	45	20	95	50	43	51	25	5
41	80	54	7	84	76	78	50	63	94
13	48	91	84	1	36	59	8	69	88
91	2	88	19	74	6	68	49	59	14
22	30	39	55	94	14	39	64	86	80
72	26	65	78	25	88	92	71	63	16
23	27	19	25	79	35	30	73	84	30
45	10	93	60	98	35	49	24	33	54
24	40	1	27	76	72	2	13	79	36
57	23	63	32	67	28	23	16	39	50
81	59	9	65	41	82	95	14	97	53
23	89	24	26	5	13	88	32	24	93
21	7	24	4	15	38	57	63	27	93
35	47	51	80	65	29	31	92	37	12
16	39	96	94	30	21	68	91	99	67
6	97	84	26	57	47	14	76	36	69
68	80	67	98	57	37	63	81	40	52
5	72	11	54	6	54	31	21	44	68
6	87	19	40	85	82	49	88	5	18
59	51	70	98	87	35	53	84	95	51
29	13	74	19	74	54	83	19	86	23
31	90	44	99	37	56	33	20	52	80
1	92	62	57	95	71	79	87	7	66
99	51	78	44	72	44	93	29	89	77
42	16	53	88	88	14	70	84	63	21
71	16	17	48	67	53	69	1	83	38
31	50	99	48	48	6	44	31	57	45
74	98	40	86	63	2	65	14	43	89
67	45	35	89	96	7	97	4	62	17
17	37	19	20	54	66	19	82	7	21
47	11	52	64	58	94	88	99	2	86
44	17	24	5	78	60	8	52	32	19
36	53	34	74	15	18	7	84	10	23
50	15	24	34	36	8	14	88	94	96
42	11	54	4	92	56	7	63	85	47
25	84	22	99	33	77	99	91	40	58
74	9	13	8	86	54	6	91	7	98
10	44	15	8	62	2	9	70	75	4
72	12	75	25	14	85	36	73	93	86
59	41	23	31	31	83	38	27	57	77
87	26	27	8	95	32	14	40	21	12
97	97	51	4	16	50	43	56	52	85
95	52	48	82	56	87	37	35	26	84
37	59	76	57	38	36	3	80	24	17
12	3	61	45	92	84	70	78	60	85
15	22	92	28	12	97	61	66	51	31
46	47	17	94	2	93	94	21	37	62
19	27	66	75	52	15	87	97	35	83
19	68	75	45	27	42	7	38	93	31
83	91	97	60	14	32	90	58	56	36
19	25	11	79	44	91	26	27	35	46
30	8	3	38	67	3	92	30	28	29
31	36	12	74	84	43	33	8	5	39
87	63	85	34	81	75	39	18	93	9
93	58	85	73	77	84	5	75	85	1
48	62	37	20	64	85	57	18	61	44
13	25	13	18	21	59	8	89	72	3
93	16	31	59	47	93	77	78	13	14
32	73	43	65	98	53	6	66	25	22
2	3	55	85	24	1	84	2	81	31
5	67	95	79	22	95	95	68	88	44
27	42	10	66	8	1	43	94	28	94

