500
10
38	89	98	31	6	96	10	62	54	9
14	44	19	23	99	86	97	58	10	63
60	88	1	50	98	29	68	32	27	63
83	63	13	37	80	31	46	33	88	26
89	44	53	28	42	47	72	64	10	67
7	26	23	5	69	7	25	13	5	29
95	23	36	70	42	37	39	14	41	32
78	47	85	41	56	1	13	45	29	63
80	45	59	72	27	95	5	95	80	18
35	61	19	73	4	92	22	74	6	21
93	40	24	54	96	63	64	43	1	33
96	58	93	81	44	62	29	55	31	49
29	12	19	91	82	1	89	1	66	22
78	14	2	14	65	40	10	31	94	94
1	70	48	77	49	76	59	81	7	16
78	98	14	20	95	59	47	93	69	54
4	99	29	31	11	56	68	71	5	20
95	66	47	58	70	78	20	56	40	72
33	92	60	66	37	89	70	90	41	60
31	65	94	56	6	34	56	53	14	41
76	88	56	59	84	98	72	96	43	28
95	78	99	84	68	96	71	73	50	38
37	15	32	74	12	27	19	35	61	79
63	73	4	82	18	61	99	21	67	69
74	73	77	96	26	66	44	96	48	33
74	38	58	29	11	65	43	91	48	57
47	15	5	54	12	44	40	77	22	76
5	21	38	73	40	15	85	32	85	90
68	57	67	37	95	86	13	47	32	59
65	53	94	73	52	54	10	97	11	56
49	95	73	82	25	37	78	77	31	81
97	59	28	91	27	48	40	68	7	8
76	51	10	69	70	94	29	6	41	5
89	87	37	75	41	17	81	12	83	76
4	34	41	19	25	68	51	33	62	45
57	91	73	37	77	82	95	77	32	41
7	77	28	20	13	22	25	41	66	89
64	31	66	36	46	33	73	16	41	18
3	80	30	31	13	41	69	59	80	84
66	53	38	99	8	40	2	38	57	85
35	71	34	44	63	8	24	68	84	73
57	63	77	47	39	15	8	55	43	59
82	81	64	10	50	32	98	41	37	63
98	20	36	94	74	72	77	59	3	29
74	50	95	48	19	7	61	6	5	34
10	23	71	66	56	85	17	83	2	12
55	26	30	72	66	29	20	51	89	20
43	20	44	15	34	99	92	78	74	54
69	45	35	1	38	75	8	5	77	53
94	52	75	49	56	8	43	31	88	61
16	46	98	35	80	55	85	30	99	41
8	26	58	1	71	80	12	84	21	29
89	13	9	89	18	46	66	95	42	33
7	13	47	82	58	19	57	29	99	75
63	4	51	73	87	19	32	16	48	48
31	11	10	57	67	81	43	27	48	50
96	50	28	92	81	61	46	86	50	33
86	47	16	29	37	47	98	67	44	99
65	38	31	96	17	98	78	36	46	86
86	86	86	93	23	31	19	84	96	68
96	29	3	40	15	87	69	93	58	71
22	97	22	49	42	15	91	76	95	28
98	84	81	44	94	32	41	45	96	97
38	69	84	77	70	2	27	28	95	31
69	83	13	28	46	95	18	7	86	37
30	94	49	23	41	44	57	1	43	72
86	72	36	52	91	23	8	64	28	8
81	32	66	28	87	58	30	97	42	8
86	17	7	82	98	23	66	33	44	99
30	2	82	19	68	81	3	54	91	86
8	95	46	44	33	71	60	47	1	65
15	88	7	86	37	9	40	28	5	43
74	43	90	32	23	74	88	42	58	76
97	87	15	11	85	7	72	96	53	81
47	33	71	93	77	78	8	89	68	60
47	33	60	72	46	74	71	15	9	23
43	16	2	14	68	75	55	78	12	35
79	76	25	54	65	10	56	27	5	36
66	61	96	80	83	62	71	83	15	76
80	87	97	89	32	95	63	84	71	16
89	47	80	68	42	43	32	46	74	32
61	56	91	98	99	55	5	33	61	87
12	85	81	88	57	3	30	26	7	36
59	23	54	7	4	4	54	1	30	8
2	5	57	19	63	17	31	40	60	20
8	54	36	91	29	99	30	67	94	75
31	91	19	4	21	16	78	82	67	51
57	10	99	1	47	24	70	85	63	6
87	3	19	56	18	5	45	79	43	14
80	71	49	61	16	75	48	78	29	8
87	84	38	71	83	53	87	72	30	14
1	47	85	39	66	88	13	93	79	6
13	50	63	87	40	33	70	63	69	31
23	18	15	49	8	25	38	16	90	24
59	56	25	21	7	59	53	28	37	61
95	66	6	55	57	87	64	11	49	21
93	69	4	16	86	18	81	53	77	87
12	14	80	8	66	54	77	72	32	51
27	46	47	91	19	90	13	56	80	31
49	14	58	50	94	56	98	56	74	35
71	89	16	44	66	21	89	76	73	88
82	99	34	1	40	38	66	40	57	16
35	27	2	45	85	15	22	61	45	44
99	92	84	4	74	45	95	91	69	92
71	12	1	35	57	59	72	35	45	31
77	93	30	81	8	6	2	3	82	65
27	33	84	64	51	22	77	61	37	16
97	48	42	34	69	75	19	42	25	72
95	57	7	10	58	42	91	90	32	50
93	75	13	22	95	67	33	98	49	36
81	94	68	9	23	28	97	9	70	74
45	10	39	35	98	75	27	48	5	8
39	25	18	17	24	28	8	45	17	81
41	67	44	56	46	47	50	44	34	93
67	19	60	99	95	22	10	89	90	86
59	4	98	54	69	24	53	13	30	27
60	9	50	71	85	40	99	20	61	94
8	1	97	37	26	80	35	66	90	7
31	92	29	77	32	24	60	91	63	99
39	94	3	16	19	54	10	73	82	57
3	36	74	13	30	27	65	21	66	30
97	62	14	65	50	39	12	86	76	16
5	60	31	87	97	28	64	63	74	96
61	85	40	99	87	32	43	55	37	69
58	18	74	88	3	28	94	15	84	67
65	57	9	70	70	81	68	58	4	86
7	65	27	48	82	17	22	34	50	30
24	95	91	99	6	21	47	4	47	56
5	84	14	45	29	71	11	18	21	79
2	94	78	50	4	55	25	58	45	23
73	89	94	32	22	61	35	74	12	38
40	64	49	77	44	93	11	13	65	11
87	30	45	27	66	25	86	66	92	38
97	25	49	83	66	68	73	23	98	22
76	55	14	6	35	99	88	18	37	83
28	64	93	19	91	98	1	59	9	73
64	65	71	8	82	26	31	27	98	29
99	83	5	33	52	54	2	22	5	7
27	86	54	18	71	49	82	18	23	89
88	62	84	85	60	39	58	35	61	96
80	69	59	5	92	69	95	99	13	83
90	83	77	55	76	82	47	89	50	22
28	71	91	8	91	88	61	59	4	67
2	72	55	85	62	99	45	84	54	76
29	30	74	12	30	55	88	35	41	35
89	30	15	98	71	40	2	37	69	62
31	31	1	36	47	96	50	32	42	76
85	33	21	26	69	11	82	12	1	62
33	47	36	77	20	96	64	13	58	94
85	38	54	31	91	20	19	43	74	10
96	17	37	72	12	83	14	54	81	59
5	94	4	53	68	38	53	3	28	63
9	85	20	6	65	63	64	88	70	43
93	67	22	67	94	75	99	73	42	18
46	34	98	76	80	81	26	51	42	19
50	16	11	53	3	48	97	55	34	89
80	97	75	10	82	39	23	46	5	83
17	80	53	88	91	83	28	87	60	38
58	5	3	48	7	15	27	4	75	92
33	2	97	52	55	84	81	50	99	68
66	62	71	6	70	19	61	42	79	60
65	79	92	6	98	76	53	44	29	34
39	4	78	91	71	68	32	76	20	70
2	76	87	34	24	95	56	38	38	65
82	59	84	91	58	32	39	54	59	39
17	20	62	32	42	81	88	48	3	83
71	88	69	35	33	22	78	94	88	99
52	91	96	9	41	5	76	87	86	33
58	53	48	99	47	26	61	68	80	13
28	48	38	14	97	5	19	3	31	64
12	98	83	20	96	40	67	40	27	55
49	48	26	59	8	71	58	22	2	86
85	23	97	83	1	88	81	75	5	74
60	25	18	65	37	30	41	93	53	95
96	56	60	88	79	75	21	28	76	67
79	98	70	82	60	3	38	69	34	31
6	96	74	17	63	5	47	83	5	63
88	9	99	82	12	55	72	66	6	82
91	14	39	17	90	70	62	97	45	52
25	75	63	80	34	10	40	10	98	1
40	30	17	95	55	83	78	15	99	67
77	90	73	58	76	50	38	83	22	92
92	68	9	68	34	58	53	48	32	11
36	68	83	21	40	5	61	88	47	51
3	73	27	11	84	51	30	97	22	83
68	63	52	39	31	92	11	10	43	32
62	88	93	59	51	29	63	55	22	90
28	92	87	33	73	41	83	56	54	36
1	92	31	8	61	41	32	25	9	62
22	99	82	7	50	76	68	37	96	84
5	9	20	68	67	5	11	91	52	37
29	25	69	42	47	75	37	72	29	36
39	13	3	85	75	31	45	82	91	11
74	33	50	9	38	12	30	64	9	46
52	8	79	60	41	50	36	93	59	27
14	23	71	69	53	86	93	68	10	45
85	37	57	34	46	81	45	31	52	65
36	16	41	23	49	39	50	8	97	47
33	64	75	2	41	8	1	91	2	1
57	93	64	99	64	17	61	10	62	46
50	4	70	72	13	8	66	56	10	12
57	94	26	19	6	90	52	78	62	4
75	8	9	86	89	21	57	27	43	38
74	7	49	64	6	85	50	35	31	59
34	73	49	53	7	48	48	68	48	36
66	35	22	24	20	71	75	64	61	71
30	59	37	33	74	46	9	66	92	22
33	90	28	85	86	61	73	8	9	58
79	43	15	94	81	29	62	38	79	68
42	80	38	8	8	1	44	68	88	80
60	88	77	36	76	97	60	93	73	95
19	90	15	50	51	42	72	41	90	87
36	38	95	88	32	32	54	24	10	55
55	83	36	82	93	96	49	2	49	38
58	88	13	22	8	50	74	32	47	98
93	70	46	11	66	2	85	89	6	79
90	78	64	98	77	71	14	85	81	92
60	30	63	5	44	45	80	37	27	64
89	9	56	39	58	76	85	96	90	69
26	12	11	63	86	37	19	12	53	88
10	98	9	62	11	73	67	96	32	73
77	83	7	10	5	67	30	12	37	79
37	4	91	63	72	62	93	34	37	78
55	78	26	1	25	42	94	92	66	85
62	44	2	12	64	63	17	25	72	28
46	68	20	3	20	69	66	41	26	56
17	19	85	12	74	59	78	30	63	18
51	97	8	61	18	27	18	18	78	19
73	64	23	88	39	54	95	12	15	25
38	15	31	27	26	91	41	46	62	5
76	16	17	64	46	47	19	78	93	16
81	45	30	15	68	16	23	63	76	16
6	71	96	7	42	2	72	59	37	79
14	71	70	44	33	77	55	16	92	59
17	48	90	74	16	62	74	99	2	7
82	94	58	68	39	16	96	87	79	78
93	24	28	24	8	6	32	83	21	6
87	54	32	42	1	7	59	49	80	70
63	59	54	45	58	32	74	74	12	87
22	25	21	53	42	44	23	74	69	36
33	14	73	10	63	54	62	40	39	31
51	75	23	24	76	42	51	64	89	1
65	1	86	35	40	19	6	19	65	46
26	20	11	87	58	53	54	62	26	40
74	62	92	85	11	79	13	9	67	63
80	58	52	99	1	62	60	33	62	32
52	9	45	32	4	97	69	20	78	87
27	87	1	96	33	24	21	32	53	59
46	14	93	23	84	69	95	15	38	82
82	77	21	66	19	55	56	80	29	82
81	97	5	62	94	89	75	81	29	60
6	63	53	94	25	71	71	91	29	89
16	22	30	41	91	34	20	86	72	85
24	65	74	57	46	23	68	89	21	51
34	96	40	56	63	50	28	91	69	5
22	53	98	55	76	57	23	45	71	99
3	32	82	41	47	12	99	20	32	98
25	53	69	41	68	39	62	4	3	76
34	70	61	49	44	2	23	21	2	93
62	88	99	55	91	75	13	11	20	96
64	2	43	21	78	48	71	28	8	85
80	82	49	93	14	23	80	80	47	61
48	96	59	44	59	28	25	34	71	2
69	36	21	22	29	7	26	76	38	90
15	62	46	77	95	49	16	96	29	65
90	96	28	7	13	99	70	67	77	72
88	71	23	55	52	76	33	21	21	84
79	8	26	20	7	92	36	53	18	15
80	24	53	74	89	33	50	25	50	65
14	97	19	22	57	96	19	46	73	74
88	26	95	86	61	26	62	51	33	58
44	55	24	48	34	23	28	48	59	84
56	22	76	28	11	5	74	12	93	17
57	54	29	17	80	59	94	77	40	85
84	23	4	58	71	61	62	2	68	55
17	87	98	40	87	7	21	5	55	83
41	22	59	31	68	41	21	31	96	21
21	40	57	8	73	69	95	75	41	37
85	17	67	36	4	73	37	23	51	32
51	32	73	87	43	96	78	49	75	80
36	67	33	52	44	29	93	61	5	68
63	62	33	22	38	54	41	94	22	25
20	42	6	79	84	59	48	13	41	47
51	17	98	21	61	45	71	84	88	86
9	59	15	75	29	5	63	45	16	98
82	29	33	20	50	39	22	91	81	93
41	41	78	4	47	13	87	44	1	74
65	11	23	11	91	66	19	1	35	97
95	15	38	98	3	84	94	12	33	92
91	58	25	93	14	89	77	43	4	18
47	71	28	55	1	44	91	47	61	50
53	67	31	3	8	40	73	57	37	34
62	34	89	62	32	2	42	46	73	32
65	16	54	84	79	82	62	22	41	99
66	51	70	63	34	93	96	51	96	76
27	52	36	30	56	80	45	53	70	7
45	43	89	73	52	63	86	44	84	70
81	37	51	55	12	31	63	87	93	38
98	70	16	45	80	8	35	17	82	31
22	84	18	20	56	51	43	86	32	11
70	41	46	24	49	12	86	37	73	71
77	40	62	49	28	26	24	49	57	99
25	99	1	81	45	59	58	13	2	19
6	88	4	61	12	17	35	53	17	41
63	39	59	79	19	34	62	54	80	66
24	23	24	6	69	55	4	44	42	85
51	47	28	61	15	84	75	60	40	86
40	18	49	30	83	19	53	74	96	64
41	87	92	47	21	49	38	40	82	9
43	17	90	45	74	54	55	75	47	52
80	21	71	62	65	22	85	71	8	31
36	45	69	33	30	74	66	68	26	18
76	92	96	55	25	55	10	23	62	1
19	23	75	92	58	52	90	46	2	11
17	77	96	21	87	48	14	64	51	76
42	82	12	59	97	10	52	88	80	2
9	76	81	4	75	28	42	81	61	52
91	79	67	99	85	85	48	66	69	32
78	29	50	47	68	33	13	84	27	40
90	72	3	7	92	96	31	62	14	44
19	52	91	78	46	9	27	32	55	35
24	34	8	18	95	76	12	43	12	78
55	20	89	62	11	67	17	50	85	54
98	96	94	90	10	53	6	55	27	65
36	60	71	88	68	67	89	6	67	54
87	65	63	39	69	41	86	92	10	21
14	85	50	94	52	70	70	92	70	8
95	53	32	12	55	71	34	58	11	79
49	38	30	69	64	15	84	69	87	84
51	71	55	49	39	28	72	59	46	23
78	78	21	52	21	3	92	99	48	93
22	81	62	56	36	23	66	37	32	62
93	27	56	32	13	44	10	19	70	72
3	7	11	29	90	48	51	66	88	20
76	22	36	88	11	93	79	38	1	5
57	47	30	20	16	61	19	80	54	15
5	52	82	41	16	82	38	6	38	14
54	5	95	50	22	65	28	32	91	85
31	86	4	21	58	72	96	22	47	59
25	63	73	15	10	36	81	80	55	79
3	89	22	95	28	7	43	86	33	70
29	4	70	88	48	38	82	20	66	67
61	69	83	6	14	41	55	11	79	14
31	51	89	27	65	50	6	25	16	82
27	50	75	49	43	12	15	10	76	91
38	20	36	99	33	22	89	33	94	28
13	73	22	47	69	20	93	26	28	81
45	27	92	51	58	95	82	72	74	2
99	54	13	69	50	18	71	70	48	24
17	71	15	44	28	34	3	95	89	74
2	33	20	3	73	72	74	83	16	49
99	22	57	29	50	52	49	36	87	60
86	9	24	33	98	39	83	82	83	73
28	39	85	98	82	46	8	9	57	98
21	16	2	78	58	25	35	23	60	80
78	82	70	93	75	72	21	8	20	13
79	87	73	71	8	19	33	10	24	54
93	2	34	42	5	49	59	29	65	94
30	27	92	42	28	26	51	72	17	63
50	87	19	5	90	16	49	57	15	95
84	41	84	67	70	76	13	41	64	1
48	79	85	40	29	36	64	58	75	67
37	71	33	75	39	81	26	3	96	37
48	31	28	50	95	22	78	27	73	81
71	37	98	91	52	55	99	63	92	17
72	78	36	68	28	31	57	60	40	37
3	52	57	51	35	99	15	23	44	15
92	81	36	47	18	76	9	97	61	14
57	84	83	31	61	46	76	51	69	25
43	49	74	55	73	94	15	55	64	45
60	17	39	17	54	81	24	31	13	75
26	16	34	7	51	3	44	21	14	53
52	59	80	93	12	91	49	55	42	59
50	12	22	51	19	71	92	56	55	9
33	57	77	25	89	62	98	4	73	44
77	44	21	31	80	36	74	83	95	45
7	38	20	7	44	15	83	95	31	16
64	55	9	78	51	11	82	6	66	10
10	1	53	63	81	64	95	31	40	98
89	96	57	14	63	40	4	25	4	81
64	39	48	76	60	46	80	58	55	35
25	66	15	11	78	53	2	8	65	38
67	86	98	91	7	29	80	67	16	44
43	53	85	24	89	19	36	41	5	47
27	26	41	77	14	17	54	75	96	2
73	37	97	17	12	30	79	93	85	53
92	29	92	35	8	67	27	79	85	83
59	93	44	18	67	51	94	67	31	69
16	75	11	66	82	82	25	92	54	49
78	99	82	10	66	51	41	85	9	76
24	6	50	9	87	46	26	82	12	60
25	72	7	10	7	37	10	69	99	45
85	95	7	15	3	30	73	50	94	81
85	82	53	73	67	4	86	72	22	5
93	17	96	20	76	67	47	41	45	32
66	3	73	89	37	77	57	66	83	67
16	59	53	51	46	52	30	15	59	68
84	25	88	61	92	63	50	88	19	81
21	75	17	62	71	66	81	2	42	48
72	95	17	47	38	78	53	45	26	47
2	21	25	88	6	32	4	20	42	72
57	80	31	28	91	60	86	4	9	6
8	51	34	48	63	44	43	28	63	9
52	34	23	93	38	71	95	82	90	6
34	28	88	83	30	23	72	99	58	26
88	10	35	18	91	74	57	18	79	37
76	63	56	54	92	99	56	60	59	35
93	59	16	27	37	71	10	22	11	33
69	55	10	21	5	13	72	9	86	80
48	52	44	84	32	89	97	45	85	16
5	77	9	57	16	84	99	58	17	73
80	73	84	83	45	13	41	61	73	86
6	58	77	82	81	86	54	97	30	71
71	56	49	40	8	61	87	13	15	1
16	88	83	26	77	77	5	12	53	56
55	24	78	22	31	12	6	95	43	68
26	64	14	64	43	54	30	94	97	74
46	22	25	42	10	57	96	86	85	68
57	22	77	81	85	49	91	16	45	92
18	47	32	31	34	30	17	86	11	42
7	8	69	22	70	37	74	59	68	59
85	71	65	15	5	99	10	82	6	21
87	23	2	42	17	94	23	47	28	49
38	58	32	99	46	25	19	24	36	8
75	68	93	72	71	40	27	67	56	51
70	22	17	82	42	34	55	41	59	53
98	68	6	45	18	18	44	95	64	91
1	95	19	54	36	26	13	89	3	67
47	2	18	5	17	86	85	48	37	2
47	94	93	23	71	8	55	4	65	58
36	30	36	41	23	24	97	56	20	76
16	10	62	10	29	12	93	16	39	41
48	56	44	96	67	65	75	36	71	77
60	87	33	36	64	70	1	21	48	48
92	77	8	19	94	92	58	41	64	82
58	49	44	51	77	23	54	75	57	58
15	21	34	35	89	7	26	35	6	27
82	30	23	26	58	42	35	9	99	30
75	48	2	73	10	82	41	15	91	68
82	17	56	82	60	69	85	3	48	80
20	32	65	67	7	63	42	66	36	66
43	19	2	45	96	14	33	4	71	98
78	38	1	83	79	89	90	17	49	59
58	95	25	66	36	53	88	10	90	57
65	39	59	5	72	34	86	22	21	93
63	49	93	70	84	70	30	83	33	12
13	14	93	26	15	6	1	55	6	67
20	94	13	58	75	64	3	21	76	17
26	40	71	74	76	37	74	40	86	69
45	67	4	44	46	93	79	71	14	83
44	83	55	4	63	53	7	74	40	1
13	67	82	98	72	71	87	53	73	20
28	4	69	3	41	28	14	7	8	84
29	20	89	69	74	98	45	32	32	1
67	85	26	72	61	91	66	32	31	99
95	15	4	49	23	47	66	80	28	7
7	23	59	35	3	24	84	56	19	26
2	2	80	90	11	81	31	71	54	60
78	56	64	98	70	74	84	76	63	57
72	49	39	14	91	82	21	58	40	10
62	23	25	1	73	20	48	73	25	14
25	34	36	13	66	24	45	81	67	25
21	65	17	99	38	5	49	66	61	85
72	82	33	85	18	84	15	17	3	15
3	42	87	56	80	56	78	64	84	78
93	14	41	13	5	47	51	94	35	71
70	36	46	42	19	33	56	14	51	69
24	86	31	4	96	84	27	11	95	32
1	53	5	94	95	72	44	99	72	84
57	26	80	18	49	90	80	28	11	1
46	85	98	71	47	9	57	19	93	27
46	48	29	13	62	71	84	47	54	50
52	41	88	66	79	77	19	34	94	78
71	29	96	36	5	21	53	33	29	61
58	11	56	37	20	16	39	51	64	73
41	76	11	79	45	44	99	26	90	82
34	23	20	81	97	55	83	47	71	26
79	3	14	26	29	16	8	12	67	27
17	62	36	56	97	59	12	29	70	46
73	65	95	30	55	13	15	61	48	70
25	84	57	88	41	33	68	54	81	19
27	54	35	83	39	6	78	80	81	94
42	62	64	83	62	51	24	41	86	76
89	34	25	58	54	64	22	15	54	89
19	84	52	6	37	19	26	1	25	1
78	35	46	47	99	60	34	48	32	94
86	73	82	58	83	4	4	90	71	23
63	12	67	57	33	34	21	62	14	17
92	26	62	73	57	22	81	64	9	96
25	56	76	70	68	24	71	77	52	37
11	12	71	1	90	28	35	48	24	54
44	77	44	92	59	96	59	24	10	24
14	51	52	14	58	82	45	95	21	58
65	2	31	8	20	44	55	18	22	82
23	46	38	40	77	16	44	91	32	33
47	27	65	78	95	85	64	30	46	69
59	87	95	22	86	39	93	95	63	36
30	56	86	89	77	27	92	9	22	93
74	41	27	85	45	1	80	49	67	42
86	47	55	34	68	79	69	48	4	81

