500
10
37	41	89	99	55	46	33	38	99
1	5	63	58	96	24	30	36	60
35	39	22	44	36	56	37	80	29
78	8	88	43	74	81	41	71	5
18	28	46	43	71	58	94	99	39
86	50	25	70	75	57	44	66	59
55	8	95	73	87	40	18	80	5
7	62	65	22	27	54	7	88	74
22	96	56	1	61	24	9	26	1
11	73	3	26	15	99	37	61	85
88	4	35	25	93	35	17	62	26
84	8	55	42	22	45	15	40	23
75	20	71	50	86	77	22	5	49
61	55	82	22	44	49	93	19	54
67	97	56	64	35	51	64	26	62
50	60	43	45	47	21	1	96	93
53	50	73	66	58	86	88	41	89
84	79	45	33	58	61	51	85	92
78	31	68	75	50	44	5	13	21
87	53	96	9	72	5	88	84	13
40	16	69	30	1	52	37	21	37
79	80	31	25	3	12	57	53	89
51	95	27	66	14	83	87	12	94
61	80	89	67	7	27	81	31	26
75	66	96	94	40	13	59	78	78
25	21	78	95	75	1	20	64	54
46	1	33	89	36	33	13	6	62
38	39	6	87	45	11	31	45	45
57	60	44	91	86	47	43	29	41
31	33	38	98	49	68	23	82	8
1	11	55	7	32	1	58	54	29
87	92	5	3	56	70	47	26	83
20	13	34	99	57	55	17	95	84
6	40	45	34	88	80	36	53	45
59	70	75	87	31	24	39	54	7
74	82	33	63	38	89	36	9	60
99	4	57	1	68	20	89	7	95
21	11	28	38	30	12	46	50	79
60	26	96	91	25	74	1	65	53
80	34	72	72	60	11	90	27	74
17	33	57	96	5	36	71	23	28
33	73	81	66	68	54	80	92	63
73	98	2	74	60	7	9	25	72
7	21	26	93	81	6	33	42	43
10	29	71	52	5	57	31	49	77
8	56	33	77	69	8	84	4	34
64	29	15	96	10	37	42	11	98
39	45	14	52	51	58	71	43	17
58	16	9	23	97	19	63	55	40
53	31	5	89	6	37	40	29	61
56	21	33	91	52	72	25	70	71
72	10	28	27	4	75	35	88	20
84	55	95	46	73	17	49	77	76
58	88	23	48	8	43	52	91	7
61	87	28	48	77	76	4	1	18
4	15	20	44	75	74	49	1	51
70	86	30	86	60	63	18	56	71
75	49	76	71	43	74	59	87	28
98	8	95	19	44	45	99	34	13
11	53	33	84	77	67	55	33	52
41	74	49	69	77	93	94	46	45
78	15	67	58	40	62	95	94	23
11	59	51	98	12	54	13	9	51
25	62	45	80	43	31	52	37	14
80	39	58	17	58	92	34	77	1
39	49	68	26	26	78	44	49	19
34	99	50	8	90	10	82	80	42
90	61	60	84	63	30	40	40	95
79	10	60	88	52	1	80	30	27
10	28	93	44	72	78	16	55	62
34	40	43	5	23	25	49	14	25
43	49	38	35	1	70	27	33	24
69	48	49	80	94	25	37	24	62
72	75	8	6	51	17	85	15	6
53	42	3	87	55	53	88	47	48
10	85	16	52	11	75	28	51	68
3	12	61	43	97	19	49	80	93
87	24	46	77	13	63	99	70	75
17	46	64	96	76	80	42	79	48
92	6	54	78	18	7	93	72	14
68	90	68	21	7	8	32	14	15
50	22	52	15	93	70	48	35	57
11	31	99	47	69	40	40	5	73
27	84	71	8	76	92	4	86	43
57	73	41	68	64	93	3	5	50
25	62	7	7	70	46	41	16	99
78	63	21	44	61	72	63	8	39
94	48	8	89	51	2	84	70	16
20	14	30	51	12	76	10	18	11
5	20	57	52	32	30	45	62	25
44	21	21	71	6	64	9	59	63
69	85	8	37	35	91	51	79	6
45	49	40	4	73	10	60	92	69
98	98	47	40	89	27	63	24	7
70	32	92	8	42	58	37	50	21
43	66	69	82	4	83	55	9	67
52	64	86	90	25	81	7	55	5
39	77	99	38	75	71	60	91	86
20	22	22	76	4	8	94	40	59
88	45	6	20	19	69	75	32	32
1	86	5	4	15	96	67	96	55
61	22	33	76	22	34	82	64	55
33	33	65	19	77	83	36	32	82
56	88	29	95	73	65	96	58	50
59	93	71	55	47	92	50	47	98
61	40	4	98	77	22	49	29	4
57	92	71	7	79	46	80	96	46
41	52	3	51	80	43	99	78	15
38	67	93	51	71	25	39	27	67
64	51	91	50	78	22	22	84	4
26	43	42	56	36	30	24	99	13
26	11	86	71	1	12	83	80	47
98	71	27	81	11	42	89	21	10
53	60	72	55	84	96	67	70	78
16	81	84	46	73	78	43	7	7
41	24	92	67	42	39	54	48	87
31	58	14	82	16	16	53	39	13
6	86	48	47	26	2	68	97	23
11	50	76	27	51	82	67	85	8
30	97	12	57	29	29	46	30	56
91	23	63	49	56	29	63	84	25
94	92	43	22	21	3	99	24	50
86	73	66	31	81	2	14	98	79
61	88	61	32	35	30	41	57	54
10	65	30	61	96	85	93	78	89
21	48	84	68	59	88	62	80	45
32	21	14	18	32	73	4	78	41
88	78	81	94	86	81	6	56	52
95	76	42	10	47	80	92	47	79
81	20	66	26	69	48	43	38	46
25	96	1	86	25	16	64	81	70
23	47	58	67	51	78	85	53	29
41	35	73	15	8	27	64	85	35
13	75	17	60	82	58	95	11	73
14	88	41	57	60	74	25	49	52
12	25	84	8	57	26	6	40	33
4	52	92	74	84	80	61	99	22
66	8	44	37	21	63	63	28	84
34	65	39	63	67	40	6	78	99
29	52	96	78	49	80	89	58	1
89	96	60	4	97	66	86	87	49
9	86	97	67	6	1	44	42	57
43	72	61	68	99	76	68	65	68
8	39	29	12	36	81	93	83	30
45	29	31	3	98	61	93	29	64
9	86	73	27	56	74	90	47	34
27	71	93	17	67	3	21	30	93
73	30	21	94	83	92	78	80	64
72	71	80	40	35	63	73	64	83
46	27	44	35	13	99	57	13	60
20	60	71	12	5	36	10	27	46
45	63	12	33	44	44	28	21	68
14	5	53	78	71	97	85	1	32
7	30	89	61	93	48	32	50	67
77	61	79	8	70	46	24	68	6
76	18	49	8	84	66	70	87	19
30	27	83	32	79	72	94	49	80
21	85	28	89	15	31	3	23	77
19	96	59	40	47	51	40	15	20
49	32	67	56	93	46	29	63	6
14	34	84	30	84	68	50	98	14
19	10	36	23	16	32	14	19	50
2	69	36	53	8	2	5	21	39
13	99	16	47	15	43	41	32	31
83	72	20	63	11	90	56	35	8
96	29	2	38	81	54	18	87	13
25	17	31	64	83	21	64	71	84
38	97	91	23	31	46	62	70	61
86	46	77	3	61	60	36	67	24
74	36	64	5	17	86	25	44	39
11	79	9	98	56	65	8	73	49
98	48	44	93	28	73	76	56	85
32	73	29	42	44	43	67	85	15
77	66	25	69	17	36	21	82	30
37	75	64	77	1	42	40	36	75
17	65	94	36	77	30	52	15	3
97	38	19	64	13	4	99	50	56
94	67	62	54	92	69	22	25	42
98	86	79	7	41	30	77	86	98
30	79	35	14	28	98	58	48	94
66	15	68	21	19	88	25	78	80
45	49	4	86	64	66	49	38	30
93	72	69	67	30	45	29	62	29
42	67	16	25	10	79	63	42	67
1	70	35	2	50	90	4	27	12
41	19	59	39	81	26	59	59	87
43	54	15	16	79	8	58	43	92
74	36	50	57	16	73	84	50	75
63	32	65	56	26	2	39	72	66
67	82	49	18	7	3	80	51	10
26	90	73	55	66	18	23	59	39
9	46	59	97	7	8	84	28	37
51	79	83	16	12	68	36	19	39
50	10	63	40	79	45	93	91	6
57	81	80	39	82	72	38	35	64
36	3	83	85	89	49	55	82	23
9	71	27	93	51	15	20	2	51
47	53	75	68	78	87	16	70	35
67	16	58	82	79	42	5	49	87
86	18	64	51	78	24	83	14	59
39	93	60	58	17	52	22	49	11
61	86	96	75	42	95	51	1	55
24	29	88	37	30	92	73	73	29
3	8	13	92	83	51	68	65	89
95	95	20	17	15	74	5	34	73
89	30	83	67	69	43	39	29	73
82	57	28	62	21	10	49	67	18
82	39	24	39	59	36	73	21	45
30	5	13	72	42	86	30	80	47
8	12	20	92	3	1	86	40	6
98	22	21	45	17	13	34	52	36
30	98	68	93	31	42	21	70	42
83	69	72	81	69	92	59	60	87
77	55	35	35	61	19	44	73	88
69	25	21	46	19	47	64	28	90
72	89	90	17	55	20	93	80	80
42	70	97	80	12	84	29	12	67
7	95	47	31	63	27	79	73	92
6	85	31	31	98	54	46	56	12
73	45	55	76	52	37	81	68	16
76	39	54	80	25	93	84	68	63
36	53	8	74	47	78	36	19	43
50	87	74	51	62	20	39	74	1
91	73	65	39	71	5	73	93	25
29	89	46	16	50	48	15	19	8
73	66	1	45	59	30	10	54	72
9	77	11	17	8	60	44	48	66
32	30	24	35	88	84	69	73	74
63	2	16	24	97	63	85	60	6
88	10	69	72	69	19	18	60	50
36	60	40	66	39	31	41	86	95
98	49	87	52	25	71	8	30	29
37	70	42	27	61	6	95	50	17
85	53	51	52	41	66	32	83	63
33	10	99	73	23	62	70	21	46
59	47	45	28	56	86	66	57	90
64	1	95	12	95	75	8	28	72
33	18	52	39	34	92	12	34	65
65	16	65	70	81	81	9	21	51
68	45	78	41	97	90	40	63	26
12	26	56	75	88	73	61	21	49
38	26	10	79	91	65	31	91	56
71	41	74	93	77	63	73	13	3
55	28	39	13	4	32	37	39	11
1	58	73	47	48	90	52	15	30
83	81	61	70	68	8	36	77	96
58	43	8	64	22	34	81	22	16
29	72	61	54	68	24	54	49	85
25	43	56	12	20	98	14	70	57
90	86	97	94	27	39	71	38	75
50	18	98	62	84	19	87	7	61
78	41	69	23	61	11	44	83	13
59	33	36	11	87	99	26	16	13
12	22	22	85	67	94	80	24	49
46	41	78	33	28	75	60	17	21
49	66	62	42	77	83	89	7	26
71	69	34	63	33	36	76	68	63
30	7	94	79	24	20	62	87	3
29	22	90	68	98	12	4	1	18
4	78	97	14	6	39	73	88	14
38	24	72	26	26	16	37	81	20
79	71	57	32	78	86	93	34	93
52	16	77	92	5	35	11	41	28
85	56	47	91	21	79	1	23	72
15	62	70	62	80	95	21	20	95
70	20	77	7	17	97	33	29	63
77	62	1	69	55	51	65	1	71
30	20	9	95	73	51	77	32	96
59	57	16	71	37	17	68	67	53
31	88	3	79	92	95	46	78	40
79	27	35	50	45	63	84	90	7
48	75	26	74	37	52	86	33	8
82	68	77	6	15	39	36	69	8
35	31	45	18	1	74	59	82	59
18	46	16	42	72	65	56	64	44
91	55	55	48	50	52	82	73	79
56	57	84	58	89	23	7	62	80
73	76	57	92	5	33	61	76	65
3	92	68	2	6	2	32	48	21
66	64	72	98	79	32	30	56	58
53	25	20	60	1	98	51	48	99
30	96	35	32	43	99	14	89	23
69	95	97	24	98	54	37	25	31
23	24	64	76	99	21	12	85	63
68	23	2	16	14	87	56	50	27
27	60	28	77	22	40	68	58	54
22	86	43	91	88	28	32	89	6
11	63	64	53	90	25	31	83	24
74	72	17	62	4	13	28	91	63
53	8	39	37	44	63	92	16	33
48	28	93	92	61	57	85	14	6
53	3	31	60	10	96	55	11	3
42	81	77	84	26	54	83	7	37
69	39	61	66	17	91	16	98	7
87	50	52	48	9	93	93	19	16
18	87	65	83	59	34	5	14	65
59	77	87	18	37	75	50	27	37
63	82	96	88	93	15	27	34	84
15	47	17	34	62	87	45	68	89
10	77	65	4	8	85	71	87	12
86	51	35	41	38	89	64	90	35
77	30	91	65	16	41	15	3	81
56	13	50	29	66	6	47	57	48
76	40	13	29	2	42	85	72	71
36	49	50	52	9	28	42	67	19
78	9	54	81	74	16	98	27	61
70	75	61	69	24	41	9	53	44
40	56	5	73	6	41	61	89	40
34	20	36	42	61	81	47	37	70
38	66	30	5	61	60	54	71	36
63	7	86	94	22	93	79	54	95
42	62	49	3	58	80	48	26	49
33	39	75	43	42	20	19	8	69
23	55	54	61	69	27	25	80	51
71	49	16	2	95	74	94	13	30
54	57	40	35	60	42	86	82	5
76	18	93	9	9	23	27	84	76
47	22	84	73	5	96	45	68	21
80	73	15	2	87	85	44	82	62
88	58	59	84	40	97	63	5	14
22	45	95	94	21	6	54	92	97
90	68	45	72	75	85	35	97	94
94	75	10	7	1	68	25	81	48
32	97	39	56	9	51	61	96	28
73	57	54	65	62	31	47	89	80
85	38	91	2	76	77	14	65	75
81	38	91	56	86	42	35	51	5
3	78	33	78	99	72	35	14	10
11	29	14	5	28	4	67	69	12
64	29	95	83	83	78	71	97	21
90	53	59	53	69	59	56	30	87
92	36	89	75	63	57	74	78	13
48	13	48	57	9	33	62	69	45
84	45	63	65	7	94	36	87	34
88	86	31	54	34	6	41	39	52
2	86	72	74	62	3	90	43	98
12	5	46	66	15	36	93	67	66
89	14	22	80	8	87	85	17	53
92	27	9	38	58	77	8	30	75
11	74	6	48	8	37	44	14	63
58	91	97	14	81	92	59	41	42
50	34	18	60	61	22	35	96	57
79	80	27	76	20	97	89	44	77
32	61	58	28	68	17	41	55	10
47	65	46	78	94	11	65	65	37
85	63	60	72	63	54	31	76	53
1	11	98	5	36	78	23	96	83
83	74	63	45	91	88	15	96	80
34	32	73	88	4	32	9	94	83
83	49	38	62	44	43	13	76	7
59	60	51	26	8	8	80	76	2
72	42	43	41	58	83	26	95	88
9	90	60	96	13	89	1	86	34
40	9	63	33	45	74	42	59	58
36	31	54	8	85	74	31	60	57
67	4	41	56	86	49	24	33	43
53	86	68	45	29	30	78	75	26
85	93	38	62	57	22	83	39	2
88	75	36	32	68	74	98	72	50
39	53	71	78	2	50	81	77	23
48	19	80	33	50	8	17	1	5
5	29	74	48	70	58	12	83	29
8	81	49	23	15	53	69	13	69
22	65	38	56	71	87	4	76	64
45	48	5	11	17	83	83	39	43
2	87	55	74	20	10	55	5	32
5	91	30	98	50	51	8	73	6
38	9	57	83	97	48	41	26	5
26	31	5	86	68	47	82	3	11
52	34	24	81	31	43	44	57	94
82	92	37	75	23	54	79	83	36
16	18	84	40	30	44	73	72	28
50	49	54	66	83	18	37	41	83
25	18	73	54	86	43	87	10	80
3	48	86	66	28	1	4	91	20
94	46	70	45	15	81	21	48	31
67	44	63	60	79	2	41	67	59
77	9	6	14	47	27	47	12	82
92	91	29	44	56	1	26	3	63
20	61	44	85	34	97	25	30	21
85	31	81	37	44	44	69	61	57
86	97	58	54	97	26	92	48	20
82	74	76	59	30	75	99	13	52
72	34	31	53	24	28	77	41	82
68	44	68	77	7	6	50	23	74
60	3	1	82	81	61	87	25	21
23	72	33	17	93	73	21	70	28
41	25	49	1	52	33	36	46	62
18	25	47	49	19	64	1	31	73
16	86	19	76	78	61	34	64	29
12	32	87	41	87	76	41	83	8
4	70	53	54	70	84	64	94	3
76	33	72	9	14	2	39	22	25
93	80	42	63	27	64	57	67	41
18	30	2	81	88	28	35	44	88
9	41	19	29	87	56	14	20	61
58	46	70	31	80	21	81	90	74
24	92	61	30	7	21	54	4	23
79	50	19	67	45	82	96	5	95
39	1	74	63	86	49	22	28	79
36	57	74	23	76	24	97	23	13
13	78	9	52	17	66	32	4	89
57	26	44	24	87	96	15	54	88
13	58	78	70	23	69	63	16	85
36	81	78	34	72	81	75	3	7
72	48	60	53	36	96	45	29	67
81	80	32	30	24	12	41	81	67
92	65	39	91	2	96	74	63	79
33	87	25	37	6	98	69	2	76
19	5	40	54	99	9	92	76	86
60	43	63	95	87	72	97	64	37
95	89	84	45	68	54	42	98	14
32	83	85	67	89	86	96	19	49
14	14	74	65	57	68	54	96	12
91	86	5	99	90	75	16	50	71
92	58	80	55	90	71	99	39	44
60	88	77	67	98	20	72	77	25
95	62	17	56	63	75	9	67	45
72	2	26	37	22	5	6	87	10
32	89	51	93	51	30	91	75	8
43	5	21	52	38	56	48	30	79
57	41	43	18	86	32	84	47	66
30	46	19	18	46	61	93	1	16
27	60	32	24	38	5	4	56	85
5	72	24	79	36	8	48	50	62
64	53	94	32	53	62	93	87	82
11	83	22	57	63	93	54	40	27
88	85	68	10	17	73	28	33	62
53	50	14	61	98	4	83	40	39
41	87	83	69	76	46	23	75	39
14	2	20	9	58	44	56	38	79
55	98	34	24	53	60	90	20	84
23	59	42	10	28	86	60	56	28
40	38	52	11	55	82	19	51	80
65	2	65	1	33	56	73	10	14
29	55	14	85	98	53	73	89	98
26	44	59	49	12	61	91	15	60
93	92	45	47	83	84	91	49	65
98	69	7	58	84	87	58	58	48
90	64	21	75	62	76	8	52	44
24	13	12	96	83	62	12	45	41
55	75	94	63	2	73	24	33	48
24	20	9	8	48	20	45	64	76
63	60	63	80	91	95	68	71	21
55	55	28	12	53	86	60	54	8
65	6	67	83	6	45	82	9	13
55	99	98	89	62	70	26	36	22
55	41	72	12	36	35	66	6	38
24	67	87	96	3	30	75	60	29
49	92	67	63	99	69	93	18	79
48	83	8	15	76	61	23	2	33
97	76	51	37	57	25	58	17	53
40	96	49	28	89	19	75	89	32
20	81	94	43	4	21	67	25	9
84	58	88	31	15	49	47	54	24
63	40	23	1	1	69	16	23	17
77	43	97	61	55	42	30	23	5
68	97	99	1	70	26	83	50	22
28	28	44	51	19	88	77	93	8
79	82	72	15	79	23	22	34	7
60	73	87	99	10	6	96	94	88
99	81	29	24	46	42	84	18	12
66	94	27	94	61	47	3	52	49
18	49	37	20	41	6	76	81	30
95	89	14	97	32	34	24	89	38
41	1	50	45	17	68	11	23	37
74	86	97	4	13	12	44	66	37
72	76	99	41	43	25	45	80	97
65	7	80	45	73	67	46	39	80
20	68	79	81	56	73	61	77	34
51	89	26	54	70	40	72	9	50
81	80	50	7	28	15	41	38	81
17	37	78	25	3	14	80	21	80
5	80	9	6	88	75	51	76	67
28	70	21	11	90	7	7	94	67
96	3	91	44	80	84	53	98	51
44	5	98	80	83	27	58	13	64
77	68	74	11	55	76	46	4	42
68	30	3	68	60	22	9	63	40
28	33	81	81	50	58	72	57	76
44	75	36	59	3	6	30	46	13
31	91	18	1	77	3	26	3	81
52	13	58	52	18	47	78	55	1
61	92	96	13	66	96	27	46	93
71	88	24	68	73	41	2	18	37
30	23	48	21	14	82	12	94	96
10	24	24	50	86	33	54	66	31
49	94	22	38	88	76	7	37	50
92	55	98	69	18	79	77	53	86
31	57	61	47	25	94	11	13	12
6	29	62	20	99	89	27	25	6
16	8	11	49	33	62	82	22	50
25	34	88	37	88	85	77	76	36
82	22	34	60	26	5	45	57	3
72	31	51	74	34	97	25	76	28
48	68	7	20	22	62	23	52	77
40	14	44	88	11	59	41	39	21
16	53	67	69	45	59	52	96	38
35	74	19	91	6	5	23	62	60
70	38	42	82	74	16	41	46	35

