500
5
3	7	2	7	3
94	25	4	65	50
39	58	77	9	40
10	38	40	30	99
2	62	9	75	69
66	91	13	3	28
26	40	19	79	92
6	17	80	92	41
83	22	91	65	26
12	22	95	68	54
16	18	63	32	81
52	79	28	68	87
89	11	83	53	28
65	76	73	59	18
48	4	75	33	28
69	61	93	29	62
11	51	97	91	12
39	30	91	20	38
51	26	3	25	68
46	55	89	15	2
50	13	48	65	55
98	35	35	35	10
32	65	76	37	65
91	53	68	68	81
65	82	76	49	29
29	69	10	39	11
48	28	81	68	12
14	93	25	11	99
83	37	96	48	59
20	32	6	60	22
78	51	17	1	2
22	4	43	24	51
89	38	30	76	96
15	7	90	9	43
85	28	91	63	26
60	22	94	69	67
93	77	83	4	32
18	71	67	77	26
6	52	64	72	82
36	46	17	38	1
7	5	9	51	96
99	17	15	73	43
41	48	94	83	39
36	71	49	46	85
81	43	51	23	19
61	15	64	15	70
72	59	30	55	71
59	85	69	12	59
90	31	18	13	86
53	76	95	41	65
5	63	57	43	24
85	6	53	70	26
81	71	33	92	92
65	10	49	75	36
81	83	58	10	19
74	50	94	60	18
62	55	13	61	69
96	6	73	37	9
54	90	20	69	14
63	17	39	45	58
32	7	83	23	99
49	35	95	93	88
76	84	68	26	40
85	85	53	80	32
70	88	32	54	95
13	73	14	79	5
28	5	37	56	35
87	93	10	2	47
64	14	68	88	90
90	13	41	42	63
84	4	26	56	42
31	70	90	25	77
3	74	3	97	8
87	6	92	21	15
89	31	95	72	30
77	74	66	73	60
31	8	14	69	50
79	34	61	60	17
72	74	73	79	14
89	99	18	14	82
48	64	31	99	80
94	35	10	5	55
59	84	87	4	34
20	49	84	73	37
16	97	29	49	6
35	87	61	66	47
44	38	84	81	48
57	13	46	74	31
62	71	33	33	57
73	81	41	14	19
36	83	32	76	72
79	16	45	66	4
79	37	35	78	86
83	58	61	24	61
40	83	33	8	43
35	97	52	6	74
69	55	8	66	54
75	79	93	58	22
71	53	58	48	86
88	90	96	96	68
92	93	92	31	95
13	86	55	9	64
40	58	12	79	69
67	16	88	59	46
27	87	75	12	94
88	65	24	81	79
27	88	24	53	60
89	29	53	96	65
45	43	75	89	3
24	25	5	12	45
89	52	27	57	44
45	24	75	99	31
9	80	16	55	15
90	61	30	28	25
98	28	78	26	75
44	4	70	26	69
26	24	1	22	15
19	53	5	24	27
71	62	55	1	55
29	65	17	75	13
98	82	56	64	30
70	3	73	13	44
62	9	58	94	98
49	46	79	95	45
27	80	74	15	1
28	7	93	3	91
49	52	40	30	50
45	19	53	76	21
90	59	15	18	90
98	96	33	66	26
49	29	75	15	29
82	19	42	10	30
25	32	56	10	64
73	36	95	51	76
54	2	59	59	18
52	16	56	56	93
25	67	96	88	52
80	11	20	63	11
30	16	41	34	16
86	21	77	33	99
70	81	81	98	10
12	16	56	41	6
5	69	57	98	56
69	40	75	99	18
49	65	59	3	56
45	71	30	87	79
9	27	75	29	48
50	23	83	19	25
31	16	72	46	86
8	61	52	43	29
1	19	35	22	2
59	70	92	51	46
56	52	20	93	28
15	8	95	21	24
67	28	40	90	37
87	11	7	64	50
64	6	55	44	64
95	29	31	21	7
16	87	18	58	14
73	93	68	2	90
58	34	71	47	57
40	23	20	16	85
32	20	45	60	10
69	76	34	32	25
5	8	9	18	49
41	15	4	56	11
76	77	54	33	50
77	88	24	82	51
74	41	34	80	14
7	57	43	13	96
33	54	24	72	15
18	20	43	6	52
13	73	96	7	75
8	29	49	52	41
29	91	78	70	84
45	52	56	18	34
81	51	65	71	48
46	96	59	56	58
18	32	65	73	84
55	70	3	91	38
22	17	46	95	98
69	45	51	20	89
28	75	97	54	19
5	7	93	10	8
9	46	18	72	82
65	69	54	26	36
42	95	81	29	97
57	52	84	52	93
25	83	79	21	86
29	1	51	95	91
30	40	21	12	75
90	91	17	2	57
81	46	38	70	12
13	47	62	9	45
84	8	91	7	6
86	39	79	47	56
13	42	41	42	68
7	45	84	17	34
60	87	12	90	45
3	81	31	58	53
72	46	86	83	91
9	77	93	18	62
33	17	12	43	45
43	65	20	95	98
48	25	71	75	91
63	6	96	21	50
98	67	45	76	25
90	98	81	90	95
93	96	69	8	33
4	81	51	33	18
45	71	69	57	19
82	11	40	58	61
37	95	3	42	76
50	39	44	80	10
97	14	71	71	62
26	22	30	81	43
56	84	89	75	30
71	49	92	28	95
82	63	38	3	14
61	46	65	44	27
69	83	91	94	90
37	67	78	58	48
8	49	41	47	84
10	81	33	4	3
12	80	7	87	98
23	86	21	74	77
67	47	17	38	17
1	54	64	53	49
71	29	61	67	94
37	81	8	21	88
99	9	5	70	2
88	81	82	84	31
87	62	20	83	42
36	43	2	16	22
80	11	39	7	32
73	37	13	78	74
35	67	39	64	72
2	90	47	38	37
96	69	50	99	96
61	5	1	17	45
56	87	68	45	38
70	93	50	40	49
68	99	89	29	11
33	14	41	79	13
12	96	25	17	7
43	72	14	95	35
38	81	98	74	43
64	46	58	82	42
81	89	39	26	46
57	30	4	53	91
27	44	60	78	84
51	73	8	82	99
93	34	34	30	96
61	4	55	55	63
92	82	80	66	87
67	81	71	50	84
53	95	23	76	46
39	8	19	16	2
24	12	47	60	28
85	32	75	44	59
11	75	70	87	62
8	76	35	4	80
44	66	65	25	72
47	95	36	20	14
54	83	24	69	36
40	65	76	87	77
11	60	87	84	25
19	40	32	26	86
99	70	93	20	80
81	17	16	22	21
82	67	96	8	9
32	45	31	10	8
2	58	9	65	19
87	84	68	62	26
59	18	47	72	54
55	65	48	9	64
16	73	97	30	9
58	40	32	52	8
18	37	84	21	91
20	33	48	37	68
96	7	43	84	60
14	35	71	45	93
28	9	82	18	37
80	68	4	46	94
37	55	38	5	16
17	73	97	5	28
90	59	83	94	13
39	53	68	94	85
7	7	36	93	49
78	63	32	16	69
65	42	65	45	32
3	86	5	82	24
20	14	6	25	55
14	60	51	36	66
10	87	72	54	35
17	24	36	28	51
29	65	18	15	83
53	15	28	85	99
26	9	57	79	3
56	45	89	34	47
13	10	73	24	42
37	66	10	25	36
86	5	93	46	64
67	74	59	99	97
85	73	66	82	56
38	61	24	32	76
88	34	7	63	78
14	89	74	7	94
65	23	86	15	46
90	77	44	58	96
67	34	95	34	28
29	24	32	69	56
80	51	57	82	86
79	24	33	89	83
39	42	26	95	31
44	65	67	63	75
92	54	6	6	54
46	33	60	66	3
43	98	60	81	59
72	34	88	93	41
75	6	85	52	5
87	43	54	74	80
48	75	55	91	52
85	25	75	46	39
32	24	3	7	62
44	11	72	84	42
60	67	3	34	36
71	33	60	88	53
67	24	3	69	97
40	23	28	56	3
65	47	17	56	16
24	52	56	91	10
56	32	87	86	44
31	97	91	57	39
42	17	38	7	29
32	37	57	4	37
66	98	97	89	86
68	60	48	70	61
80	55	92	88	48
98	10	48	99	67
36	39	81	60	73
3	53	2	47	51
28	94	72	4	9
13	46	68	37	66
47	79	53	20	53
49	50	27	81	30
23	12	75	60	97
49	30	23	72	87
36	76	68	87	19
33	36	33	21	34
71	77	31	3	52
55	21	89	54	80
58	92	49	52	14
83	78	15	82	71
10	24	90	49	31
22	41	79	10	23
85	55	25	29	31
44	22	4	50	67
34	1	44	10	47
64	50	24	9	97
46	81	68	60	31
31	56	67	89	11
9	19	2	90	58
7	33	43	35	10
87	56	80	41	7
36	28	48	87	32
71	38	24	50	89
39	52	71	73	50
68	4	43	57	91
83	43	9	92	65
28	95	41	17	18
6	17	58	65	69
29	81	69	12	74
72	92	67	24	75
52	33	90	22	14
40	43	11	13	6
91	9	70	19	82
49	75	26	16	81
33	39	72	71	70
64	13	14	68	4
43	7	14	15	17
96	73	48	19	87
46	37	22	21	34
11	35	63	40	55
78	26	68	86	24
38	44	3	68	85
69	1	69	22	46
51	58	30	78	41
48	78	22	85	57
89	44	70	83	88
6	20	61	13	25
2	75	56	16	99
71	65	83	2	32
43	7	72	55	80
69	26	17	75	95
47	57	23	18	97
90	39	99	68	59
69	10	57	9	66
56	70	33	10	77
83	39	50	90	82
77	52	56	77	72
51	10	43	11	18
69	51	63	86	37
6	21	57	41	67
69	45	60	15	77
48	53	25	36	63
96	12	45	13	10
62	69	24	6	93
14	87	35	33	32
82	7	84	75	86
12	73	32	64	57
2	97	38	1	42
17	50	45	95	77
3	41	67	32	23
92	1	63	61	17
3	89	16	18	98
83	58	62	63	93
61	82	50	90	83
64	71	48	5	72
5	50	50	31	2
20	86	68	72	95
60	97	39	60	85
15	16	14	57	70
3	59	57	69	18
88	66	52	2	25
43	72	96	55	31
57	27	59	36	84
8	74	65	68	92
48	59	85	2	84
83	45	5	50	41
79	36	89	92	5
51	71	25	8	76
23	37	22	69	7
64	46	75	51	16
9	68	75	50	45
13	97	7	62	92
6	38	18	92	38
19	15	81	77	78
59	52	97	75	55
51	60	15	92	45
31	77	76	61	32
35	11	20	39	29
12	26	97	3	53
33	55	95	81	45
9	41	65	44	98
8	5	34	73	79
18	77	24	94	42
35	38	79	71	24
85	85	87	74	11
73	55	72	19	39
43	53	85	87	60
96	29	4	81	33
97	2	76	61	82
9	10	99	86	14
76	81	10	65	97
77	10	48	19	26
82	83	8	68	16
36	49	73	41	70
4	96	43	94	47
87	15	84	14	64
2	20	38	93	24
64	98	89	84	15
84	69	84	3	98
47	62	55	40	67
29	76	91	29	18
64	47	74	96	50
91	3	18	61	34
47	53	27	23	43
72	34	94	73	93
60	38	77	19	89
60	8	48	46	46
40	99	73	85	17
67	50	6	78	44
81	12	82	47	29
89	89	22	54	19
75	88	89	53	33
84	25	97	43	22
46	2	71	90	51
37	46	7	50	2
50	25	48	21	26
6	31	9	52	41
70	24	42	73	83
47	88	69	49	40
53	9	52	80	28
22	91	67	12	84
80	1	85	86	55
93	1	91	12	74
66	94	87	55	34
39	71	19	3	78
75	74	59	80	5
26	68	26	70	27
33	90	93	88	85
76	79	29	57	98
62	78	98	4	47
6	6	94	95	56
50	14	69	21	99
59	22	27	20	78
27	79	52	3	5
94	49	8	99	14
9	41	62	81	41

