500
5
80	31	4	86	56
87	28	37	69	45
30	66	56	48	37
35	12	91	31	33
53	72	32	92	38
80	51	19	50	59
4	21	48	75	94
61	93	7	24	68
54	18	93	18	1
99	35	65	63	3
49	7	60	62	42
41	23	55	10	59
47	66	34	19	50
46	46	7	9	75
39	52	94	14	81
66	26	11	42	90
89	29	8	10	33
33	89	62	84	84
19	81	90	22	54
49	22	13	24	39
5	70	51	11	61
62	95	55	1	75
91	55	50	13	34
18	31	33	47	48
12	29	91	16	25
6	29	48	22	67
52	32	92	24	39
13	51	42	34	36
38	86	17	48	88
39	20	71	9	74
55	80	36	59	11
8	71	94	93	85
61	51	14	33	30
77	10	97	23	71
90	65	85	20	19
30	41	46	75	25
9	28	20	22	13
47	27	30	61	21
23	67	22	20	17
64	8	35	87	50
22	80	16	96	50
84	7	20	6	69
9	8	18	14	95
40	58	3	40	61
63	21	64	16	84
88	44	80	59	5
56	14	99	75	38
83	99	5	56	73
54	75	83	21	39
83	30	18	78	82
12	20	27	43	49
89	49	7	44	76
53	85	11	74	26
66	65	26	46	32
64	71	46	7	87
68	32	65	68	87
25	82	48	99	3
71	22	39	61	70
11	68	10	25	62
54	77	52	50	73
60	43	65	17	22
71	15	20	67	32
23	21	27	30	61
73	8	60	31	47
57	97	1	72	95
67	63	39	34	54
98	44	78	46	93
99	97	96	43	62
39	28	96	80	32
84	12	29	78	55
55	91	28	99	85
59	39	2	84	82
55	5	81	76	9
48	94	32	51	41
14	54	30	1	69
78	4	68	77	78
21	4	93	7	69
63	90	1	57	10
81	55	96	33	51
24	27	13	3	2
82	55	73	79	60
68	71	88	52	27
39	9	40	42	16
33	19	13	25	38
88	72	91	5	21
66	83	39	92	94
15	77	84	43	99
83	8	82	80	73
23	59	3	2	16
63	88	48	15	60
7	41	8	14	89
64	39	8	95	57
95	19	91	46	82
32	10	45	29	8
22	40	21	82	62
11	73	82	63	42
69	74	4	23	70
84	51	82	3	9
92	49	46	31	5
2	61	57	79	45
98	70	43	45	57
69	43	49	92	7
92	90	51	76	40
26	67	29	22	47
2	71	62	90	58
83	9	55	90	51
78	49	23	37	42
24	3	33	20	16
53	53	18	10	1
41	60	85	96	35
59	48	47	50	79
21	67	94	99	22
58	59	45	58	70
76	60	87	13	79
59	89	59	56	51
29	52	65	87	68
23	62	94	80	16
23	37	60	57	59
38	11	25	62	84
87	37	50	74	70
47	21	43	57	97
98	12	59	83	44
36	69	28	21	41
77	95	63	64	48
72	17	3	74	77
93	25	12	37	81
55	35	43	13	85
87	33	71	9	82
32	77	92	85	56
30	37	18	39	73
75	48	23	91	49
68	40	17	50	77
25	34	26	20	20
95	82	17	39	31
97	68	41	2	24
72	67	22	72	74
13	27	29	52	28
25	2	53	79	36
20	20	47	64	2
7	4	58	56	88
6	82	70	46	80
75	47	13	73	86
34	70	42	35	66
85	22	49	77	25
80	21	12	15	52
90	35	68	25	97
71	3	71	4	15
37	40	68	70	28
34	52	34	94	4
34	20	67	90	12
71	46	81	49	92
63	71	21	46	4
43	91	83	70	37
24	12	1	5	36
81	64	23	25	11
10	7	9	50	3
97	96	32	41	77
73	8	4	33	20
74	70	40	64	71
95	23	80	62	80
25	26	59	37	83
78	28	77	90	57
90	41	19	2	53
18	74	70	13	11
87	60	16	13	97
76	82	39	62	50
57	25	65	53	80
67	99	41	64	42
1	16	22	98	39
36	59	85	39	86
28	35	71	82	64
3	79	25	87	26
58	32	42	57	74
15	10	6	47	25
50	38	63	93	46
54	27	72	1	43
35	7	29	74	48
33	30	2	86	21
79	88	46	10	24
20	86	90	31	27
85	53	93	27	4
7	77	26	44	88
81	20	21	38	29
57	38	93	74	22
96	55	50	26	32
77	48	76	53	6
24	65	88	78	37
19	44	66	35	68
99	75	31	91	74
89	1	53	71	83
55	87	32	62	50
87	47	58	99	99
49	46	2	79	20
17	78	82	28	20
21	50	90	91	93
13	7	70	56	1
11	78	51	7	18
46	87	16	92	20
50	13	65	93	98
25	69	40	38	83
99	90	28	79	60
8	52	65	91	45
2	35	29	47	6
48	60	58	36	31
21	71	17	33	79
29	62	40	97	72
21	66	65	30	20
17	26	72	88	33
92	52	28	14	59
89	40	37	21	69
91	75	9	89	19
32	51	44	67	46
3	33	91	8	95
26	79	56	75	90
21	77	99	94	98
55	52	73	59	48
91	62	46	53	87
39	42	44	97	76
4	62	49	29	12
9	2	18	68	70
90	45	85	93	77
3	37	94	7	2
68	69	4	96	52
23	81	84	10	60
54	62	13	6	22
94	63	54	79	96
58	6	52	81	91
79	86	7	45	67
31	3	55	5	82
88	4	45	75	16
59	42	14	4	44
64	99	11	73	56
27	28	27	91	15
68	13	60	16	99
13	50	52	20	4
94	70	63	64	11
24	8	93	59	91
60	51	82	36	33
1	66	56	90	66
53	92	62	19	17
13	48	27	4	13
17	81	96	45	49
7	97	12	43	60
32	59	99	89	81
58	20	80	78	3
88	67	77	77	96
38	22	55	23	48
57	92	81	74	52
39	84	63	16	81
34	81	6	12	24
49	82	61	10	67
87	41	40	57	43
77	45	58	50	4
70	72	42	96	87
84	70	69	64	69
92	81	6	79	63
38	23	94	52	94
14	60	49	32	15
34	43	11	31	49
32	2	20	72	85
4	50	54	16	81
21	87	91	46	60
25	68	65	36	8
70	28	35	77	39
39	84	97	68	63
23	72	65	90	24
18	93	47	65	13
5	79	63	81	55
65	67	51	39	55
46	2	91	87	95
84	36	34	64	74
99	91	43	95	41
56	31	65	19	15
34	7	67	89	46
77	14	48	50	10
93	78	44	93	2
1	70	28	3	82
51	63	18	93	37
78	44	90	35	10
79	65	19	24	60
76	62	54	17	98
99	15	53	67	5
45	47	17	5	39
52	71	77	30	24
16	11	7	23	46
63	19	22	57	91
24	82	16	7	60
19	47	2	34	16
90	96	21	93	72
50	98	29	36	63
95	40	30	44	42
26	95	68	84	24
92	2	55	59	44
16	50	52	10	45
54	89	79	57	4
37	4	99	60	5
67	11	26	58	73
51	43	30	81	76
95	19	97	97	52
33	89	58	2	4
79	85	89	6	15
90	60	2	48	47
72	24	35	19	23
87	63	92	59	2
33	36	61	86	76
33	71	6	96	6
78	34	77	19	63
14	74	59	49	34
54	29	68	82	71
73	83	42	46	95
5	73	95	89	82
39	56	6	6	46
57	44	26	29	73
1	23	35	94	94
69	65	15	83	28
63	17	12	68	30
85	65	21	37	51
5	11	73	55	90
38	8	30	9	87
7	21	4	96	29
77	72	91	40	64
63	65	42	93	91
83	66	98	61	55
36	77	8	39	90
23	55	2	40	72
96	32	91	9	36
60	92	34	56	25
90	49	48	42	47
85	96	62	88	29
20	40	26	5	74
33	95	74	7	79
72	15	25	64	4
95	97	24	87	59
49	90	46	21	42
5	43	2	16	71
88	75	96	52	91
65	57	30	38	75
73	43	80	90	52
67	56	99	62	49
88	23	43	23	51
81	25	98	69	32
33	39	79	27	85
87	86	47	81	83
51	76	59	94	25
19	60	93	22	70
17	38	59	39	77
63	77	82	96	19
18	5	23	28	68
72	75	99	79	67
87	7	84	83	50
94	12	14	91	18
86	9	79	47	49
26	68	30	20	14
58	23	79	47	17
77	94	3	5	58
79	67	29	51	4
18	21	7	9	69
37	17	36	18	87
5	83	55	64	17
95	33	5	95	84
98	98	11	35	3
76	52	5	28	1
56	26	74	6	1
93	35	10	91	68
8	5	68	73	14
26	96	13	34	91
25	63	87	61	9
63	17	70	29	1
11	6	21	17	9
11	90	60	11	68
51	72	41	53	80
39	14	12	86	80
81	45	65	79	87
42	4	89	36	22
96	93	88	7	56
67	11	37	75	99
49	64	27	28	68
59	86	91	25	66
76	79	74	93	58
67	23	74	92	83
53	7	88	86	52
1	77	38	54	70
53	72	61	56	66
74	82	92	29	24
17	63	26	16	62
8	37	48	86	75
16	19	26	34	99
35	30	48	41	20
53	84	22	26	97
55	97	95	41	46
49	88	39	41	83
65	61	68	64	84
80	14	63	81	14
89	18	75	63	86
29	43	21	42	98
68	58	38	77	58
56	20	78	81	38
94	99	85	89	76
46	93	78	26	3
40	21	5	36	28
68	50	25	37	42
4	84	94	27	37
91	1	58	69	33
65	59	52	83	37
18	24	57	81	54
51	86	98	89	48
91	60	20	73	18
27	61	83	86	57
6	99	78	71	35
5	93	81	44	90
30	33	81	14	65
20	88	96	56	74
90	54	78	20	97
18	17	83	90	10
23	7	15	64	71
97	36	50	43	14
27	43	59	53	76
65	59	92	91	23
43	44	92	63	52
38	95	78	96	8
40	42	5	86	27
86	9	74	44	10
51	55	39	75	91
11	31	35	51	36
54	77	96	72	5
93	33	20	41	21
40	71	9	38	49
49	8	7	19	75
50	24	84	94	54
95	64	29	75	58
97	92	3	49	74
29	64	33	44	72
53	95	40	70	89
86	35	81	48	90
95	97	53	11	41
67	15	99	95	87
35	51	82	92	93
60	25	86	87	27
58	26	45	20	95
41	80	54	7	84
13	48	91	84	1
91	2	88	19	74
22	30	39	55	94
72	26	65	78	25
23	27	19	25	79
45	10	93	60	98
24	40	1	27	76
57	23	63	32	67
81	59	9	65	41
23	89	24	26	5
21	7	24	4	15
35	47	51	80	65
16	39	96	94	30
6	97	84	26	57
68	80	67	98	57
5	72	11	54	6
6	87	19	40	85
59	51	70	98	87
29	13	74	19	74
31	90	44	99	37
1	92	62	57	95
99	51	78	44	72
42	16	53	88	88
71	16	17	48	67
31	50	99	48	48
74	98	40	86	63
67	45	35	89	96
17	37	19	20	54
47	11	52	64	58
44	17	24	5	78
36	53	34	74	15
50	15	24	34	36
42	11	54	4	92
25	84	22	99	33
74	9	13	8	86
10	44	15	8	62
72	12	75	25	14
59	41	23	31	31
87	26	27	8	95
97	97	51	4	16
95	52	48	82	56
37	59	76	57	38
12	3	61	45	92
15	22	92	28	12
46	47	17	94	2
19	27	66	75	52
19	68	75	45	27
83	91	97	60	14
19	25	11	79	44
30	8	3	38	67
31	36	12	74	84
87	63	85	34	81
93	58	85	73	77
48	62	37	20	64
13	25	13	18	21
93	16	31	59	47
32	73	43	65	98
2	3	55	85	24
5	67	95	79	22
27	42	10	66	8

