500
5
11	26	2	69	98
61	10	71	45	21
11	66	33	31	73
87	69	2	1	27
28	39	50	8	48
90	91	71	28	1
63	23	25	88	30
18	49	34	39	79
26	95	97	27	96
81	33	50	23	92
99	88	53	39	74
57	11	52	66	53
62	14	34	88	45
39	98	46	29	59
81	76	95	94	22
34	76	93	40	9
64	43	59	7	6
41	24	29	27	71
64	77	8	32	17
86	1	36	60	66
84	41	94	33	74
23	16	70	87	61
41	64	96	72	28
69	23	72	85	90
81	45	47	55	99
88	66	61	14	83
85	70	78	8	25
99	15	1	65	47
40	15	72	51	32
82	7	45	20	48
20	35	24	76	96
38	50	72	29	2
41	78	35	43	30
7	22	58	99	18
78	83	86	20	2
3	62	66	28	7
73	61	32	66	8
72	13	83	78	57
38	64	53	6	97
71	90	82	94	23
25	40	33	93	40
15	66	58	33	17
26	28	15	92	3
28	96	84	31	86
41	13	99	97	87
93	32	48	28	41
88	87	80	76	58
89	93	98	4	99
77	28	3	77	59
97	18	82	84	97
86	25	36	88	57
77	60	21	23	21
77	38	52	42	43
34	93	94	34	82
94	6	66	37	74
80	52	78	25	5
27	47	1	40	48
12	8	19	92	99
34	23	25	20	57
80	33	87	46	20
73	37	57	37	23
3	92	36	57	63
45	16	36	5	38
59	50	10	76	52
59	62	73	56	28
25	57	6	77	32
40	10	95	32	62
46	46	79	30	49
79	33	82	45	92
56	92	81	77	13
63	76	29	20	58
92	91	47	61	67
96	79	61	1	34
65	62	51	66	73
83	40	90	3	19
40	38	56	74	65
40	71	66	83	58
79	58	5	13	98
45	72	62	6	82
35	18	57	73	16
16	1	59	4	56
86	51	70	10	34
54	69	75	78	74
57	15	26	5	13
39	65	71	11	8
65	58	48	99	43
5	63	3	48	75
53	89	92	40	2
14	9	41	83	68
4	55	66	50	46
88	33	34	77	11
63	95	87	42	3
68	16	76	12	5
55	67	61	25	59
56	10	55	19	33
78	6	62	89	73
77	65	40	62	59
65	5	49	80	58
19	99	60	32	74
3	23	87	34	11
80	77	13	33	69
3	51	63	20	15
3	63	89	62	24
48	92	77	92	14
84	85	43	54	8
29	82	15	73	82
77	29	63	44	54
89	79	22	36	8
65	52	90	42	48
33	8	87	75	22
19	56	92	28	32
67	88	41	3	2
72	49	78	59	71
3	4	20	31	77
84	60	5	22	98
27	42	6	12	75
5	76	54	55	40
24	31	5	20	48
98	31	83	14	50
46	39	16	52	81
65	75	19	5	44
14	47	63	94	52
72	85	62	94	51
22	74	21	44	23
8	77	84	51	9
25	87	11	20	8
93	77	5	66	14
13	7	66	84	94
74	89	18	40	24
34	37	18	28	70
28	71	42	40	67
48	80	46	24	95
43	91	42	4	76
52	97	56	49	12
91	59	81	94	89
23	15	82	17	57
7	28	11	49	38
79	16	15	92	50
30	45	22	60	9
38	5	87	53	34
87	13	67	66	53
92	3	83	60	74
3	40	26	83	22
49	46	20	10	81
51	54	40	52	17
87	62	80	33	32
79	53	46	45	68
45	4	92	50	33
34	79	21	94	88
33	55	58	75	87
25	36	55	72	45
44	10	95	80	63
68	55	63	73	91
37	98	83	96	48
79	35	95	78	78
58	96	48	47	49
22	27	63	96	10
86	88	78	77	90
71	88	94	17	34
46	40	54	53	89
51	26	97	22	80
5	96	95	64	85
41	88	1	12	91
79	75	68	2	39
16	64	32	73	1
12	26	63	89	82
64	40	61	59	87
35	1	60	2	50
7	97	22	39	96
65	36	98	45	88
55	10	87	94	7
14	42	86	21	26
57	75	24	48	40
66	99	43	26	12
46	70	86	40	55
86	24	29	71	32
18	19	20	85	18
96	39	31	5	14
54	93	85	28	78
59	90	4	82	83
99	29	47	76	12
24	99	72	1	60
53	30	16	13	29
88	15	10	24	86
72	42	53	54	85
80	63	19	82	96
93	86	39	10	96
50	39	2	77	83
18	57	96	47	29
74	73	71	18	22
22	16	39	55	33
51	60	15	56	72
31	93	22	73	52
68	97	11	72	44
63	47	32	80	65
7	78	73	24	58
48	9	33	26	55
35	67	87	24	49
63	67	74	50	18
92	62	64	44	96
90	54	36	35	91
79	70	2	8	22
63	40	48	4	87
47	50	80	3	2
10	30	99	52	46
62	33	14	62	66
63	82	13	66	74
37	34	82	23	64
53	95	89	74	66
86	21	6	78	33
15	37	78	10	91
62	4	49	78	51
17	65	50	44	51
47	21	40	94	74
99	51	66	94	8
89	34	92	39	43
66	16	74	33	9
84	75	98	8	90
52	7	75	79	55
55	91	48	92	72
4	93	88	15	23
80	45	77	30	96
82	5	26	18	13
97	14	21	38	25
31	62	51	12	84
26	11	8	38	27
70	31	22	79	68
42	92	80	23	43
18	73	82	63	42
19	88	81	18	48
52	70	8	51	47
50	77	41	26	88
5	37	90	26	71
51	66	58	85	51
71	99	1	13	10
32	12	50	69	32
76	52	39	6	53
13	98	13	99	85
80	54	96	99	40
59	74	14	22	35
95	43	76	60	84
44	12	31	66	5
28	56	60	97	29
81	60	7	70	49
97	81	71	1	74
28	4	22	25	72
71	44	18	32	25
24	67	57	32	3
69	18	72	9	41
78	53	73	43	23
78	67	41	17	19
75	45	99	35	94
21	13	64	25	56
17	29	46	51	70
17	10	32	52	72
29	83	60	46	13
92	12	50	58	53
68	51	35	56	31
73	27	29	54	87
54	78	2	20	43
91	35	34	21	65
83	43	64	94	10
66	28	50	37	19
45	89	70	74	32
84	37	16	38	56
28	19	8	80	93
83	47	32	82	21
98	25	11	48	49
49	87	7	49	51
98	9	36	59	81
41	17	26	11	5
56	43	57	65	30
88	7	39	42	43
27	23	46	2	35
70	49	86	10	73
16	43	84	76	20
59	75	74	5	98
82	11	55	35	7
91	75	64	60	87
30	40	43	71	63
9	48	19	16	98
54	24	25	4	75
46	43	18	93	20
69	48	79	82	81
94	3	72	64	30
22	53	77	93	77
42	50	91	11	62
80	63	43	11	14
22	57	44	53	50
79	93	93	41	47
33	46	90	10	99
34	97	38	24	69
69	11	86	89	79
60	18	73	23	30
47	6	77	11	38
20	31	88	89	7
9	49	22	37	10
1	97	69	19	16
9	11	22	73	38
64	53	59	60	38
64	42	53	99	99
88	90	81	80	3
34	76	82	53	92
52	12	70	56	57
32	20	29	73	29
69	93	9	55	31
86	25	22	62	52
26	53	90	96	55
67	26	56	5	14
53	55	92	29	93
30	71	25	60	33
81	3	49	47	51
27	42	97	18	92
30	11	19	13	88
36	84	19	16	16
11	6	63	33	70
9	72	57	70	15
57	5	74	15	29
58	60	64	94	91
4	71	69	41	39
28	82	75	37	3
49	96	14	34	30
23	54	67	36	99
56	83	44	98	86
22	17	83	24	63
69	45	14	74	17
2	39	37	5	79
13	54	33	75	78
11	86	10	71	37
33	53	14	81	39
12	18	95	33	24
79	69	59	38	22
28	64	10	33	7
1	55	46	70	32
18	86	1	58	80
50	8	97	27	60
58	39	49	50	66
80	79	56	95	66
35	95	15	65	40
21	41	35	95	11
72	10	80	10	91
62	51	22	41	12
37	4	73	86	77
7	12	55	71	68
58	33	97	72	10
53	23	15	17	16
43	31	65	10	53
82	19	11	56	76
49	6	87	13	71
40	66	87	37	30
91	73	55	44	46
15	68	86	27	51
64	91	95	48	8
16	84	29	36	11
13	93	27	41	7
30	81	69	48	73
69	36	7	7	89
25	50	31	57	89
61	26	60	21	91
53	25	37	10	42
16	22	98	10	6
26	41	56	74	9
74	93	58	17	87
60	21	47	47	95
60	24	29	66	61
36	50	94	87	99
93	69	37	11	67
25	96	58	88	17
69	19	89	31	27
74	22	55	21	58
42	92	28	31	54
52	43	8	74	74
43	18	96	97	74
16	32	30	61	96
87	11	20	11	24
99	77	80	81	3
66	59	86	73	4
11	77	46	94	83
95	24	31	18	31
80	68	48	79	94
28	25	84	6	82
17	58	22	77	32
49	10	81	83	82
17	77	38	48	96
72	62	86	43	64
53	33	62	83	95
33	70	77	25	15
90	14	27	14	51
11	99	99	18	36
13	45	9	16	97
61	33	6	42	2
25	75	1	49	77
6	95	21	32	44
99	78	70	69	86
81	9	33	10	71
38	75	23	79	12
52	20	88	64	86
54	81	46	61	76
11	22	41	40	74
23	84	99	82	9
64	27	9	67	24
40	27	4	47	34
25	33	46	76	98
48	75	94	60	66
10	83	67	30	83
24	27	91	75	13
62	67	59	2	93
54	90	87	46	35
60	2	51	26	24
59	53	22	45	81
9	79	56	10	49
5	41	28	1	51
38	54	15	31	88
79	56	85	93	86
49	57	67	61	51
84	36	47	90	70
42	61	71	72	4
89	21	30	68	43
38	47	73	76	68
4	26	63	23	93
41	89	1	70	30
35	84	95	96	99
13	62	26	20	26
10	55	65	28	62
12	50	37	63	90
58	47	32	84	87
79	98	12	43	38
76	18	50	3	22
34	12	58	51	73
45	73	99	8	88
90	51	25	76	84
47	23	34	62	39
8	6	86	39	18
36	60	72	56	41
10	76	29	90	72
96	98	18	82	22
89	74	92	9	45
90	13	14	35	69
40	70	34	29	66
5	33	13	88	62
69	91	62	8	32
90	93	22	91	83
8	96	32	46	20
60	30	6	33	53
67	42	38	48	22
5	73	43	96	51
85	5	16	14	48
15	18	59	53	51
12	59	9	94	97
13	93	78	67	31
35	87	57	70	24
89	18	47	85	30
88	38	99	13	76
44	71	28	79	36
95	92	56	81	29
94	95	93	88	11
81	91	23	99	39
38	66	94	35	41
60	13	80	86	29
30	88	77	50	49
15	83	69	93	51
95	55	67	3	59
56	64	8	30	95
17	21	44	75	26
58	73	66	28	16
6	53	7	62	78
73	20	16	54	36
85	24	29	39	72
15	93	5	15	26
46	65	95	70	15
95	78	51	23	89
4	15	46	85	99
50	77	3	6	35
65	74	8	4	84
28	67	3	82	3
53	34	41	51	23
12	86	97	11	52
55	49	97	21	17
85	92	8	97	35
41	37	15	11	10
13	48	63	81	94
83	15	30	15	35
5	40	43	26	35
79	91	73	30	88
74	17	78	83	30
51	99	16	81	25
66	55	35	34	97
66	80	34	76	59
26	27	72	4	65
81	81	76	17	42
22	11	70	3	59
7	69	80	15	37
3	61	48	30	75
76	69	4	87	69
56	67	94	24	42
3	1	60	49	9
33	93	8	94	81
88	50	98	35	15
46	79	74	31	24
84	31	72	70	70

