500
5
37	4	25	68	60
21	19	7	75	14
87	7	94	96	46
18	29	97	60	26
33	71	25	48	29
68	79	54	26	57
24	20	78	17	96
30	84	35	42	58
44	59	63	61	1
57	30	9	32	17
93	43	84	12	89
53	33	76	15	28
76	76	88	9	24
8	33	20	74	97
10	90	68	99	42
34	42	15	53	20
1	94	23	51	17
6	61	91	51	96
19	76	85	29	37
85	87	41	55	7
47	71	24	49	69
49	5	15	42	41
59	82	87	5	24
15	92	67	3	38
44	51	27	58	12
56	3	35	82	9
20	12	82	93	99
82	21	47	13	96
4	58	40	7	28
65	66	66	92	24
15	63	51	28	79
24	46	74	59	68
52	71	20	15	54
28	79	3	59	51
80	84	46	57	65
75	56	19	26	85
45	84	27	34	39
79	72	3	95	58
33	35	11	95	53
55	48	20	58	67
97	93	35	52	62
38	56	41	88	26
83	20	4	71	54
33	19	90	42	94
37	64	77	47	26
76	30	10	73	47
93	11	55	23	50
50	41	26	92	70
27	38	28	20	50
24	93	60	50	91
84	86	86	86	12
70	58	37	61	47
14	63	51	9	41
45	99	10	27	92
4	28	31	66	59
23	45	55	41	48
66	15	99	51	52
71	28	1	43	21
7	44	18	91	76
80	70	13	7	91
26	8	21	3	79
3	67	30	33	29
29	67	58	17	30
76	75	65	90	56
85	75	19	75	39
87	50	95	29	91
80	33	44	2	57
33	51	13	66	5
29	32	99	76	25
85	87	29	48	34
33	99	5	13	93
22	67	24	93	73
20	66	56	39	9
66	32	18	72	64
91	76	45	90	22
26	34	66	11	91
68	89	58	98	55
38	9	29	71	38
52	7	29	34	30
80	86	75	37	25
74	26	5	69	99
53	80	70	79	92
37	44	60	35	15
96	53	3	90	4
87	38	67	61	73
2	32	36	86	65
35	81	8	59	39
11	46	16	14	24
85	1	84	90	93
4	53	92	3	36
15	26	81	38	46
78	83	36	34	56
83	24	93	84	75
47	35	35	26	16
80	82	92	42	28
70	2	37	59	66
41	63	68	81	55
68	44	98	99	58
8	45	54	90	16
25	26	41	9	97
79	3	18	30	51
17	66	50	83	82
20	63	52	83	89
18	37	63	17	78
76	47	98	19	22
11	23	30	41	75
37	98	23	8	60
50	2	3	91	24
20	7	73	26	82
53	48	17	61	27
77	49	57	18	60
3	27	22	31	71
69	36	60	12	43
70	10	18	63	46
92	17	67	35	67
23	22	9	94	24
29	75	61	88	26
75	71	75	78	99
53	19	2	76	15
63	33	1	56	49
47	68	89	6	12
1	82	54	38	56
67	4	86	89	43
43	37	62	10	40
86	62	23	65	34
20	89	40	1	63
96	62	33	70	11
19	7	8	41	28
57	14	49	47	75
45	26	81	85	77
73	69	92	26	1
86	80	73	8	92
37	94	73	97	4
99	2	28	58	37
9	66	55	43	3
98	34	53	45	63
69	81	78	90	19
23	74	49	94	69
61	68	49	30	28
9	31	80	54	61
72	91	94	92	59
76	90	58	92	47
71	10	7	37	24
9	61	99	19	29
11	7	29	5	16
20	72	77	83	90
53	35	12	62	91
17	41	99	91	67
30	78	38	75	81
62	19	79	71	46
53	24	31	72	75
43	45	46	72	86
2	8	40	78	93
87	39	36	98	28
51	5	46	53	78
4	20	92	40	24
23	79	17	16	51
12	8	69	36	99
51	46	67	32	31
96	10	16	17	12
31	83	30	71	68
80	56	55	26	14
35	75	98	43	1
83	26	84	63	41
38	76	42	98	24
48	35	83	10	18
4	63	56	45	22
84	62	28	70	27
20	14	40	24	99
80	49	11	69	31
92	16	66	30	54
23	9	18	16	76
79	49	47	63	9
1	85	44	58	32
67	61	18	86	52
64	27	63	22	71
99	98	22	13	92
70	36	73	60	96
46	32	59	83	63
42	83	74	69	80
15	34	88	18	22
3	13	46	73	37
10	39	13	21	20
19	17	21	83	92
14	81	23	15	88
52	84	3	15	5
95	46	99	20	31
29	50	93	2	91
16	63	13	9	39
4	81	56	4	88
78	44	59	1	51
28	56	7	66	2
48	44	58	10	62
81	81	68	62	25
88	96	49	86	42
77	8	64	37	64
5	51	94	81	92
67	64	35	65	56
98	45	81	57	38
51	41	94	41	59
37	34	75	27	86
57	79	34	90	92
73	83	32	82	86
26	16	82	33	37
76	58	94	23	34
91	13	20	40	66
42	56	36	98	39
24	55	30	34	71
79	14	82	48	73
82	65	45	16	54
81	79	65	85	56
99	91	47	4	77
89	62	49	50	2
5	55	36	84	40
2	59	65	6	20
2	21	67	26	57
42	1	71	20	43
67	11	34	80	29
75	51	94	52	53
63	84	94	59	74
96	51	8	64	27
83	18	30	85	76
63	71	64	11	94
52	43	65	25	31
9	37	1	77	76
83	68	42	77	45
24	37	41	37	52
36	39	50	42	30
67	43	63	89	7
32	31	87	79	38
4	63	72	2	31
94	71	84	1	17
21	68	93	93	23
33	86	69	48	49
72	65	25	82	24
33	82	58	65	94
67	78	71	33	34
73	74	25	52	72
24	93	57	73	20
37	7	43	92	16
59	33	54	65	6
8	3	27	81	54
17	1	75	36	96
47	34	18	49	37
63	54	16	41	44
28	8	97	3	45
98	87	91	25	97
4	25	96	25	34
57	83	12	40	80
8	57	89	63	62
78	59	26	46	4
94	3	6	1	49
82	46	91	98	1
72	24	9	69	40
16	99	76	56	63
35	3	49	25	45
39	45	4	21	32
59	12	72	68	88
45	89	23	58	23
83	88	68	54	39
41	19	1	48	80
60	77	96	95	76
52	41	66	7	7
59	52	26	64	58
99	93	62	94	53
11	90	98	1	87
71	47	63	9	69
4	50	16	1	89
85	2	18	99	3
2	24	53	94	21
96	50	93	77	7
97	80	51	53	65
34	94	31	48	34
67	40	73	30	36
19	38	44	88	81
95	35	30	77	23
58	46	96	14	25
48	34	58	27	79
69	10	72	2	64
5	74	10	16	99
72	5	57	76	59
42	56	44	29	75
55	52	73	81	8
45	69	85	18	84
89	3	28	14	77
23	40	61	54	51
54	26	63	10	21
7	29	2	44	20
67	24	83	17	24
40	81	75	81	51
73	37	73	40	48
34	93	78	40	61
19	46	66	36	19
80	15	75	62	65
7	12	66	20	60
11	74	99	12	35
69	74	43	84	10
42	29	53	83	51
75	50	65	27	18
24	86	49	80	65
79	12	84	98	26
52	50	20	67	34
51	70	69	37	60
12	50	53	91	27
53	47	92	31	11
8	72	5	13	42
16	96	1	46	76
21	46	54	64	34
62	9	78	54	26
99	13	99	99	2
31	85	8	35	31
22	20	7	92	66
30	59	81	61	41
67	94	15	29	1
24	31	32	12	5
43	80	3	93	72
56	80	7	85	5
70	77	52	48	71
22	80	95	74	4
97	90	34	90	99
19	7	4	92	14
33	23	23	97	63
34	59	22	84	82
4	57	75	45	3
4	26	71	32	45
87	64	33	29	46
29	37	32	56	33
46	2	13	59	96
19	94	65	87	31
92	51	90	38	30
56	39	90	18	85
13	57	72	81	73
28	42	88	43	94
64	42	95	85	20
66	48	30	50	42
14	42	93	63	44
66	84	4	49	66
48	48	38	35	93
78	33	38	47	74
88	2	1	14	85
54	10	57	73	9
63	37	54	75	37
94	47	84	17	16
17	26	42	71	34
39	46	84	63	25
35	38	94	79	42
6	21	25	45	46
98	57	77	44	64
96	51	58	51	58
66	27	22	20	57
72	72	46	98	24
76	99	61	43	92
91	81	93	79	84
85	29	80	66	18
64	94	19	78	87
27	48	99	16	49
6	86	3	78	45
22	94	65	25	11
31	87	71	4	21
69	50	74	5	69
16	22	13	82	93
30	33	69	82	90
94	63	7	34	69
20	51	34	66	22
84	53	14	31	21
95	12	5	20	43
92	82	12	55	82
31	54	94	49	41
47	7	39	65	44
93	71	36	14	68
81	95	46	16	79
82	74	30	44	54
67	67	74	55	64
41	30	51	66	56
88	57	72	70	46
72	36	37	98	79
70	5	9	41	44
7	33	66	44	54
35	19	30	52	5
35	85	75	97	9
12	41	48	54	84
25	43	95	15	37
43	5	95	71	98
77	12	39	60	6
45	47	32	82	98
27	83	82	24	57
80	75	63	51	82
67	16	18	12	68
12	91	41	12	46
63	72	27	88	1
94	86	13	73	59
5	16	58	71	30
41	32	91	4	12
24	83	89	49	95
68	44	2	23	28
90	91	70	2	74
97	41	43	91	98
66	43	19	15	50
15	29	27	83	87
19	63	43	97	78
55	97	68	21	42
91	70	51	47	76
99	65	32	80	85
12	90	78	68	92
73	4	93	24	68
52	75	35	54	30
24	38	15	42	32
46	42	39	37	87
65	7	89	76	23
48	27	17	55	80
19	12	51	82	26
35	45	46	65	3
19	69	58	70	92
67	78	77	30	56
99	66	64	69	67
99	2	81	40	22
11	81	74	33	21
50	76	31	33	36
34	67	34	75	85
66	98	43	81	79
74	52	81	46	72
64	63	79	43	34
8	6	74	50	27
18	11	80	89	54
77	84	76	32	97
92	72	71	19	67
85	90	41	55	37
43	84	12	26	87
63	75	71	18	95
70	17	67	87	19
13	3	37	74	42
18	87	34	52	35
28	19	16	95	70
77	47	26	81	59
94	73	76	52	79
47	13	92	15	99
77	8	7	89	34
4	56	85	43	66
12	65	54	33	66
17	82	43	26	75
84	98	31	40	28
72	78	19	48	55
69	10	39	87	2
45	2	73	10	72
51	68	31	45	93
33	15	65	73	21
14	82	18	64	54
99	73	1	33	40
49	57	16	8	7
36	66	83	11	32
97	30	5	11	73
35	5	7	4	91
80	57	11	52	71
94	74	86	8	48
38	35	38	84	43
25	58	47	81	54
80	10	70	38	91
18	76	10	85	54
90	32	4	33	33
63	67	77	64	17
55	42	8	1	47
44	54	83	70	83
93	39	74	74	74
48	41	24	87	83
68	11	76	79	78
53	91	61	65	54
15	63	33	84	58
79	26	3	15	10
4	24	58	83	81
95	70	37	20	24
95	31	52	98	75
19	22	75	8	96
58	36	34	88	19
58	44	12	58	65
9	7	52	55	23
31	61	53	8	4
37	20	92	54	80
26	99	99	40	76
54	99	56	39	40
69	91	68	81	54
15	46	30	72	26
75	52	26	14	83
81	73	90	64	89
66	96	58	99	8
21	16	1	54	4
27	95	60	39	91
87	33	37	41	30
19	64	83	69	77
33	61	96	34	85
64	26	62	58	48
20	39	3	22	17
70	33	24	57	97
26	16	62	95	15
68	58	73	57	90
5	92	55	23	16
10	53	30	20	28
49	13	20	16	94
38	44	87	26	65
25	64	14	45	2
90	89	57	37	84

