500
5
21	55	92	5	15
24	44	84	50	80
14	32	96	51	2
21	33	45	84	30
33	5	95	43	4
35	85	8	8	69
34	27	57	95	66
15	98	33	96	75
48	42	98	61	97
45	93	34	79	64
45	6	40	89	89
64	17	82	21	49
4	95	16	66	28
62	40	47	80	99
89	62	86	36	51
59	68	54	42	93
23	26	45	25	13
20	6	3	92	59
12	27	78	9	68
37	30	80	29	89
25	99	77	64	62
10	84	6	62	15
35	78	44	75	44
29	80	31	93	68
36	89	7	30	41
4	79	18	32	27
76	12	1	32	45
90	95	97	85	79
78	98	20	48	65
69	8	76	23	97
38	19	35	26	12
99	71	12	96	92
67	74	49	78	28
96	75	60	11	47
82	95	10	59	59
51	90	87	41	4
34	10	33	79	84
7	71	35	15	3
93	36	9	34	36
45	52	89	27	14
84	81	4	70	71
42	64	26	16	88
13	3	30	78	36
8	91	63	95	41
78	64	56	52	17
63	66	66	92	36
87	88	75	14	50
77	7	23	89	14
28	82	82	68	21
62	36	8	2	64
68	83	60	72	39
14	95	74	1	48
88	91	68	33	19
18	40	1	23	91
11	75	50	60	94
64	15	32	85	36
11	4	54	23	67
29	25	72	99	90
93	68	86	69	47
17	91	96	17	64
24	39	61	85	77
51	20	13	27	60
41	85	12	73	88
1	15	51	77	44
51	72	94	68	26
39	95	99	18	2
74	91	91	85	45
66	15	41	61	49
7	86	78	34	48
60	28	28	84	61
64	56	50	52	75
8	58	60	75	41
86	72	31	60	1
26	86	91	60	87
18	43	45	25	16
58	17	5	99	45
50	85	94	35	90
30	61	68	19	50
89	43	50	50	52
83	64	93	51	49
64	36	55	38	5
96	9	74	24	7
29	63	63	81	28
73	90	27	75	63
42	34	64	59	57
45	68	69	98	29
97	34	96	16	25
82	86	86	74	22
60	33	9	37	38
68	17	99	64	91
62	92	73	38	23
69	2	82	84	3
20	65	16	45	46
42	60	53	69	46
99	30	20	33	61
13	93	87	97	34
50	9	5	89	87
46	30	62	11	7
59	82	72	7	13
65	93	54	37	70
38	74	58	89	48
21	83	57	49	12
32	70	12	82	23
6	35	2	92	52
96	57	33	56	71
10	13	19	64	8
81	67	80	48	20
14	19	93	40	97
31	8	55	71	52
1	3	78	44	59
4	11	85	9	99
6	60	1	20	15
94	13	1	4	43
84	72	12	59	65
52	46	95	27	18
18	62	47	73	18
59	30	70	30	25
86	37	80	55	50
64	49	18	38	42
18	88	10	60	94
99	71	93	72	66
99	80	89	30	89
97	55	49	57	42
29	83	97	19	61
61	92	32	27	24
85	35	84	4	23
35	78	97	44	24
42	25	29	67	88
92	29	54	19	60
63	21	3	49	41
87	39	22	95	92
7	92	29	2	76
40	23	35	98	21
55	78	73	46	14
67	64	64	88	6
16	69	24	50	6
94	68	46	23	12
28	62	23	68	28
80	11	86	45	7
23	35	20	51	66
3	17	52	12	67
3	87	28	3	13
90	58	94	42	67
40	49	55	34	64
16	52	24	31	82
31	78	86	48	15
13	66	39	64	43
65	51	23	34	62
1	80	92	13	52
75	62	7	77	55
24	63	22	48	54
76	7	68	76	66
88	46	35	76	23
80	25	51	85	15
79	8	34	31	64
76	69	27	1	87
23	80	9	97	75
85	52	5	43	91
53	52	8	89	34
38	82	75	35	83
52	46	76	24	23
39	86	54	61	70
28	77	19	74	56
92	40	81	39	86
85	78	26	49	34
18	95	30	18	32
86	17	48	96	36
7	9	56	97	2
22	24	69	13	45
97	31	27	91	27
63	94	53	17	18
44	87	77	20	54
33	38	59	30	85
9	84	37	60	10
92	87	52	32	64
33	20	10	29	90
98	20	23	28	32
57	18	72	67	35
54	56	4	23	73
60	51	12	64	77
37	43	4	87	37
7	19	45	7	65
83	59	4	10	95
38	72	25	54	5
1	27	22	53	11
76	91	90	68	4
51	15	34	3	39
35	60	84	75	24
95	58	79	73	2
63	28	54	81	98
92	82	4	90	8
8	71	26	16	90
86	18	88	82	64
46	62	26	14	31
70	99	24	39	79
11	71	64	18	63
88	9	93	1	36
96	45	14	72	29
81	96	30	14	97
86	24	75	43	69
99	93	34	53	84
9	80	99	47	96
36	72	7	27	2
56	89	23	75	65
10	89	98	16	57
5	66	78	50	86
90	48	29	81	6
70	49	26	47	85
11	39	14	57	36
28	60	61	16	20
95	55	87	66	21
23	4	67	54	25
43	42	17	12	31
32	17	8	76	24
17	30	96	88	39
11	65	25	37	80
68	56	26	54	1
60	83	27	39	13
5	10	11	36	67
53	92	61	91	76
7	56	79	19	29
43	75	38	72	51
30	43	77	48	54
71	75	44	4	33
9	16	45	98	84
99	13	77	4	65
49	77	82	13	79
22	20	31	56	23
89	7	37	23	83
99	45	89	79	43
98	63	67	2	5
21	76	99	34	62
48	76	15	9	99
10	46	7	5	95
93	69	45	75	65
31	63	27	70	8
13	49	15	34	32
39	62	84	96	1
38	26	89	57	73
36	93	85	25	75
21	53	49	15	15
80	49	16	28	27
39	17	45	38	66
59	31	83	18	32
65	74	75	58	36
70	68	58	44	92
80	42	79	50	37
90	96	35	81	97
75	71	56	1	47
95	37	90	48	6
15	30	12	13	41
20	6	7	55	43
83	56	53	23	10
72	7	56	6	47
93	90	25	54	63
66	74	3	9	6
12	35	49	11	55
92	87	71	69	68
61	51	64	88	78
84	23	15	87	98
2	62	83	61	92
20	69	83	95	96
38	3	19	74	28
31	43	18	40	68
63	37	35	12	44
23	51	65	81	20
93	55	53	23	46
85	91	63	55	94
66	17	81	68	73
80	70	44	39	89
49	67	19	26	73
62	7	98	73	8
1	15	7	68	15
67	96	61	42	22
84	25	14	39	23
29	78	52	32	27
9	81	9	37	84
5	4	14	81	62
83	21	31	44	90
74	4	30	49	64
19	24	76	68	48
53	74	82	89	34
11	56	4	95	90
75	95	58	85	73
77	45	22	22	15
64	19	30	43	86
45	67	20	16	46
21	66	13	87	99
52	7	18	95	60
88	25	32	34	32
16	81	12	5	70
88	6	43	5	61
1	95	56	97	53
52	63	85	50	92
51	15	13	67	20
74	69	24	59	61
29	94	22	61	13
7	79	91	75	68
27	72	42	25	22
17	80	83	38	93
20	59	51	71	23
52	67	44	62	28
53	20	30	9	69
61	69	35	80	93
47	85	4	34	44
38	76	68	93	11
36	89	60	32	82
58	62	8	94	44
3	85	18	94	85
46	61	8	35	33
69	48	87	13	51
43	18	15	14	3
16	48	67	39	48
23	59	40	12	41
93	81	78	45	4
48	7	74	30	75
64	56	6	42	83
84	93	24	12	34
41	31	47	17	98
59	65	8	6	75
57	78	9	31	50
76	41	29	7	43
91	66	30	89	95
12	73	91	3	19
35	58	82	26	76
9	7	10	19	31
64	74	90	33	11
35	47	49	56	21
92	84	35	91	90
29	76	76	3	74
13	16	71	88	82
54	2	84	50	5
51	12	77	91	96
86	84	66	63	98
32	19	98	76	22
82	36	59	64	10
75	82	13	55	19
72	81	51	60	67
78	66	48	71	50
81	5	19	50	49
56	94	23	35	53
55	71	22	59	90
72	30	12	20	48
46	14	13	37	1
76	58	52	1	75
65	44	25	41	8
81	16	47	58	14
63	72	79	75	80
96	74	16	55	51
29	22	80	54	13
14	72	61	12	62
27	60	40	15	67
74	61	3	52	51
96	29	95	61	83
14	3	68	65	63
32	31	40	60	42
62	64	99	21	42
96	23	19	71	69
84	34	81	87	22
59	28	65	9	7
41	43	70	8	14
38	54	52	3	75
3	68	63	11	34
55	4	32	59	92
6	51	55	17	49
62	60	48	16	31
61	71	2	14	33
48	88	18	28	83
45	2	42	71	52
24	55	94	28	73
99	11	89	45	81
15	49	98	78	71
51	46	84	71	48
45	52	62	66	91
92	53	80	2	5
98	25	38	29	76
83	87	25	23	61
36	15	39	73	56
48	9	75	39	5
9	35	56	29	70
80	61	21	77	75
23	32	97	9	39
40	75	82	97	80
34	34	17	34	17
5	74	27	5	53
50	32	99	55	24
86	57	18	48	48
17	68	49	46	81
70	85	63	99	30
1	93	87	46	7
44	18	78	5	55
75	60	17	27	80
81	63	24	58	74
81	61	12	54	66
26	58	59	26	50
17	81	52	52	16
29	4	36	45	60
8	62	32	74	19
70	35	83	96	26
62	92	21	67	62
23	47	2	35	96
99	34	34	87	33
82	2	24	64	61
38	99	63	74	53
31	31	54	86	5
18	33	18	85	99
18	39	60	19	22
16	68	61	52	9
53	43	69	70	14
80	84	81	79	9
29	87	72	63	74
4	5	94	92	19
63	76	86	83	25
49	99	6	99	52
40	43	7	79	77
37	6	67	52	6
26	7	41	92	73
85	40	57	3	68
89	10	45	51	19
22	1	59	61	60
57	20	56	60	70
73	6	20	18	20
4	53	99	91	33
32	5	93	73	97
79	3	69	98	60
72	19	61	10	46
8	86	7	15	67
48	62	85	58	77
94	58	74	30	41
87	96	34	73	3
91	11	13	5	76
16	48	19	41	18
5	52	5	93	76
19	78	47	35	25
99	45	77	94	86
37	79	35	92	70
44	82	54	32	68
1	2	3	49	50
88	94	95	55	69
60	11	56	18	80
43	95	93	40	92
4	54	82	6	65
9	83	88	24	32
17	53	19	23	9
12	19	68	68	52
46	89	89	9	28
1	15	4	60	24
97	34	76	7	14
78	59	92	83	80
41	94	72	29	27
71	14	62	4	67
86	69	94	13	21
63	28	56	82	21
17	60	23	76	27
23	94	66	74	22
81	68	12	4	41
83	62	55	72	63
81	48	1	84	21
49	15	85	40	14
33	55	4	48	74
16	7	44	8	67
37	16	89	70	53
63	39	96	64	77
1	9	2	26	50
87	22	50	71	64
20	81	47	77	1
83	20	84	70	35
89	94	96	92	37
98	49	46	15	25
52	68	68	18	30
79	41	51	80	38
37	6	10	7	49
49	24	41	14	2
1	87	26	95	82
3	60	56	37	3
82	57	52	4	55
76	42	71	27	39
10	96	71	17	7
83	8	5	40	85
38	96	41	97	24
51	68	66	82	29
34	79	26	84	96
60	28	26	83	23
89	28	75	75	67
49	44	5	70	75
50	11	36	42	27
54	67	81	38	51
97	2	26	7	49
85	77	72	57	33
17	14	78	30	29
90	69	4	41	31
63	76	8	36	89
35	29	83	6	98
42	86	23	83	23
80	28	67	21	31
67	98	50	58	38
86	64	25	50	20
52	37	93	96	36
35	24	82	4	25
50	17	26	65	65

